31,723
31,722
31,723
31,725
31,724
31,725
31,727
31,726
31,727
31,729
31,728
31,729
32,731
32,730
32,731
32,733
32,732
32,733
32,735
32,734
32,735
32,737
32,736
32,737
33,739
33,738
33,739
34,740
34,740
35,742
35,741
35,742
36,744
36,743
36,744
37,746
37,745
37,746
37,748
37,747
37,748
38,749
38,749
39,751
39,750
39,751
40,753
40,752
40,753
41,755
41,754
41,755
41,757
41,756
41,757
42,759
42,758
42,759
43,760
43,760
44,762
44,761
44,762
45,764
45,763
45,764
46,766
46,765
46,766
47,768
47,767
47,768
47,770
47,769
47,770
48,771
48,771
49,773
49,772
49,773
50,775
50,774
50,775
51,777
51,776
51,777
52,779
52,778
52,779
52,781
52,780
52,781
53,782
53,782
54,784
54,783
54,784
55,786
55,785
55,786
56,788
56,787
56,788
57,790
57,789
57,790
58,791
58,791
59,793
59,792
59,793
60,795
60,794
60,795
61,796
61,796
62,798
62,797
62,798
63,800
63,799
63,800
64,801
64,801
65,803
65,802
65,803
66,805
66,804
66,805
66,807
66,806
66,807
67,809
67,808
67,809
68,811
68,810
68,811
69,812
69,812
70,814
70,813
70,814
71,815
71,815
73,817
72,816
73,817
74,819
74,818
74,819
75,820
75,820
77,821
76,821
77,821
78,823
78,822
78,823
80,824
79,824
80,824
81,825
81,825
82,826
82,826
84,828
83,827
84,828
85,829
85,829
87,830
86,830
87,830
88,832
88,831
88,832
89,833
89,833
91,834
90,834
91,834
92,836
92,835
92,836
93,837
93,837
95,838
94,838
95,838
96,840
96,839
96,840
98,842
97,841
98,842
99,843
99,843
100,844
100,844
101,846
101,845
101,846
103,847
102,847
103,847
104,849
104,848
104,849
105,850
105,850
107,851
106,851
107,851
108,853
108,852
108,853
109,854
109,854
111,856
110,855
111,856
112,857
112,857
114,858
113,858
114,858
116,859
115,859
116,859
118,860
117,860
118,860
120,860
119,860
120,860
122,860
121,860
122,860
123,859
123,859
125,859
124,859
125,859
127,859
126,859
127,859
129,859
128,859
129,859
131,860
130,860
131,860
133,860
132,860
133,860
135,861
134,861
135,861
137,861
136,861
137,861
139,861
138,861
139,861
141,861
140,861
141,861
143,860
142,860
143,860
145,860
144,860
145,860
147,860
146,860
147,860
149,860
148,860
149,860
151,860
150,860
151,860
153,860
152,860
153,860
155,860
154,860
155,860
157,860
156,860
157,860
159,861
158,861
159,861
161,861
160,861
161,861
162,860
162,860
164,860
163,860
164,860
166,859
165,859
166,859
168,859
167,859
168,859
170,858
169,858
170,858
172,857
171,857
172,857
173,856
173,856
175,855
174,855
175,855
177,854
176,854
177,854
179,853
178,853
179,853
181,852
180,852
181,852
182,851
182,851
184,850
183,850
184,850
186,849
185,849
186,849
187,848
187,848
189,847
188,847
189,847
191,846
190,846
191,846
193,845
192,845
193,845
195,844
194,844
195,844
196,843
196,843
197,841
197,842
197,841
198,840
198,840
200,838
199,839
200,838
201,837
201,837
202,835
202,836
202,835
203,833
203,834
203,833
204,832
204,832
206,830
205,831
206,830
207,829
207,829
208,827
208,828
208,827
209,826
209,826
210,824
210,825
210,824
212,823
211,823
212,823
214,822
213,822
214,822
215,820
215,821
215,820
216,819
216,819
217,817
217,818
217,817
217,814
217,816
217,815
217,814
217,812
217,813
217,812
217,810
217,811
217,810
218,808
218,809
218,808
219,807
219,807
221,807
220,807
221,807
223,807
222,807
223,807
224,806
224,806
224,804
224,805
224,804
224,801
224,803
224,802
224,801
224,799
224,800
224,799
224,796
224,798
224,797
224,796
224,794
224,795
224,794
226,794
225,794
226,794
228,795
227,795
228,795
230,795
229,795
230,795
231,794
231,794
232,792
232,793
232,792
233,790
233,791
233,790
234,788
234,789
234,788
235,787
235,787
237,786
236,786
237,786
238,784
238,785
238,784
239,782
239,783
239,782
239,780
239,781
239,780
239,777
239,779
239,778
239,777
239,775
239,776
239,775
240,773
240,774
240,773
242,773
241,773
242,773
244,773
243,773
244,773
245,774
245,774
247,774
246,774
247,774
249,775
248,775
249,775
251,776
250,776
251,776
253,777
252,777
253,777
254,778
254,778
256,779
255,779
256,779
258,779
257,779
258,779
260,779
259,779
260,779
262,780
261,780
262,780
264,781
263,781
264,781
266,781
265,781
266,781
267,781
267,781
268,783
268,782
268,783
268,785
268,784
268,785
268,787
268,786
268,787
268,790
268,788
268,789
268,790
268,792
268,791
268,792
268,794
268,793
268,794
269,796
269,795
269,796
270,798
270,797
270,798
271,800
271,799
271,800
272,802
272,801
272,802
273,803
273,803
274,805
274,804
274,805
275,807
275,806
275,807
277,807
276,807
277,807
279,807
278,807
279,807
281,808
280,808
281,808
283,809
282,809
283,809
285,809
284,809
285,809
286,810
286,810
288,810
287,810
288,810
290,810
289,810
290,810
292,810
291,810
292,810
294,810
293,810
294,810
296,810
295,810
296,810
298,810
297,810
298,810
300,809
299,809
300,809
302,809
301,809
302,809
304,809
303,809
304,809
306,808
305,808
306,808
308,808
307,808
308,808
310,807
309,807
310,807
312,806
311,806
312,806
313,805
313,805
315,804
314,804
315,804
317,803
316,803
317,803
319,803
318,803
319,803
321,803
320,803
321,803
322,801
322,802
322,801
323,799
323,800
323,799
324,797
324,798
324,797
325,796
325,796
326,794
326,795
326,794
327,792
327,793
327,792
328,790
328,791
328,790
329,790
329,790
331,789
330,789
331,789
331,787
331,788
331,787
331,784
331,786
331,785
331,784
333,784
332,784
333,784
335,783
334,783
335,783
336,782
336,782
338,782
337,782
338,782
340,781
339,781
340,781
342,781
341,781
342,781
344,781
343,781
344,781
346,780
345,780
346,780
348,780
347,780
348,780
350,779
349,779
350,779
352,779
351,779
352,779
353,778
353,778
355,778
354,778
355,778
357,777
356,777
357,777
359,777
358,777
359,777
361,777
360,777
361,777
363,776
362,776
363,776
365,775
364,775
365,775
367,774
366,774
367,774
368,773
368,773
370,772
369,772
370,772
372,772
371,772
372,772
374,771
373,771
374,771
375,770
375,770
377,769
376,769
377,769
379,768
378,768
379,768
381,767
380,767
381,767
382,766
382,766
383,764
383,765
383,764
385,763
384,763
385,763
386,761
386,762
386,761
387,760
387,760
389,759
388,759
389,759
391,758
390,758
391,758
392,757
392,757
394,755
393,756
394,755
395,754
395,754
397,753
396,753
397,753
398,752
398,752
400,750
399,751
400,750
401,749
401,749
403,747
402,748
403,747
404,746
404,746
406,745
405,745
406,745
407,744
407,744
409,743
408,743
409,743
411,742
410,742
411,742
412,741
412,741
414,739
413,740
414,739
415,738
415,738
417,736
416,737
417,736
418,735
418,735
420,734
419,734
420,734
421,733
421,733
423,731
422,732
423,731
425,730
424,730
425,730
426,729
426,729
428,728
427,728
428,728
429,727
429,727
430,725
430,726
430,725
432,723
431,724
432,723
433,722
433,722
435,721
434,721
435,721
436,719
436,720
436,719
436,717
436,718
436,717
437,715
437,716
437,715
439,714
438,714
439,714
441,713
440,713
441,713
443,712
442,712
443,712
444,711
444,711
444,709
444,710
444,709
445,707
445,708
445,707
446,705
446,706
446,705
448,704
447,704
448,704
450,703
449,703
450,703
450,702
450,702
451,699
451,701
451,700
451,699
451,697
451,698
451,697
451,695
451,696
451,695
452,693
452,694
452,693
453,692
453,692
453,689
453,691
453,690
453,689
453,687
453,688
453,687
453,684
453,686
453,685
453,684
454,683
454,683
455,682
455,682
457,682
456,682
457,682
458,681
458,681
459,678
459,680
459,679
459,678
459,676
459,677
459,676
460,674
460,675
460,674
460,672
460,673
460,672
460,670
460,671
460,670
461,668
461,669
461,668
461,666
461,667
461,666
461,664
461,665
461,664
462,662
462,663
462,662
463,660
463,661
463,660
465,660
464,660
465,660
467,660
466,660
467,660
469,660
468,660
469,660
471,660
470,660
471,660
473,660
472,660
473,660
475,660
474,660
475,660
477,660
476,660
477,660
479,660
478,660
479,660
480,659
480,659
482,658
481,658
482,658
484,658
483,658
484,658
486,658
485,658
486,658
488,658
487,658
488,658
490,658
489,658
490,658
492,658
491,658
492,658
494,658
493,658
494,658
496,659
495,659
496,659
498,659
497,659
498,659
500,659
499,659
500,659
502,659
501,659
502,659
504,659
503,659
504,659
506,659
505,659
506,659
508,659
507,659
508,659
510,658
509,658
510,658
512,658
511,658
512,658
514,659
513,659
514,659
516,659
515,659
516,659
518,659
517,659
518,659
520,659
519,659
520,659
522,659
521,659
522,659
524,659
523,659
524,659
526,659
525,659
526,659
528,659
527,659
528,659
530,659
529,659
530,659
531,658
531,658
533,658
532,658
533,658
535,658
534,658
535,658
537,658
536,658
537,658
539,658
538,658
539,658
541,658
540,658
541,658
543,658
542,658
543,658
545,658
544,658
545,658
547,658
546,658
547,658
549,657
548,657
549,657
551,657
550,657
551,657
553,657
552,657
553,657
555,657
554,657
555,657
557,657
556,657
557,657
559,657
558,657
559,657
561,657
560,657
561,657
562,658
562,658
564,659
563,659
564,659
565,660
565,660
565,661
565,661
566,662
566,662
566,664
566,663
566,664
567,666
567,665
567,666
567,668
567,667
567,668
567,670
567,669
567,670
567,672
567,671
567,672
566,674
566,673
566,674
566,677
566,675
566,676
566,677
565,679
565,678
565,679
565,682
565,680
565,681
565,682
564,684
564,683
564,684
564,687
564,685
564,686
564,687
563,690
563,688
563,689
563,690
563,692
563,691
563,692
562,695
562,693
562,694
562,695
562,698
562,696
562,697
562,698
562,700
562,699
562,700
561,703
561,701
561,702
561,703
561,705
561,704
561,705
561,707
561,706
561,707
561,709
561,708
561,709
561,712
561,710
561,711
561,712
561,714
561,713
561,714
562,715
562,715
562,717
562,716
562,717
563,719
563,718
563,719
563,721
563,720
563,721
564,723
564,722
564,723
565,725
565,724
565,725
565,727
565,726
565,727
566,729
566,728
566,729
567,730
567,730
568,732
568,731
568,732
569,734
569,733
569,734
570,736
570,735
570,736
570,738
570,737
570,738
571,740
571,739
571,740
572,741
572,741
574,743
573,742
574,743
575,744
575,744
576,746
576,745
576,746
577,747
577,747
579,749
578,748
579,749
580,750
580,750
582,752
581,751
582,752
583,753
583,753
585,755
584,754
585,755
586,756
586,756
587,757
587,757
588,759
588,758
588,759
590,761
589,760
590,761
591,762
591,762
593,763
592,763
593,763
594,764
594,764
596,766
595,765
596,766
597,767
597,767
599,768
598,768
599,768
600,769
600,769
602,771
601,770
602,771
604,772
603,772
604,772
605,773
605,773
607,774
606,774
607,774
609,775
608,775
609,775
611,776
610,776
611,776
612,777
612,777
614,777
613,777
614,777
616,777
615,777
616,777
618,779
617,778
618,779
620,779
619,779
620,779
621,780
621,780
623,782
622,781
623,782
625,783
624,783
625,783
626,784
626,784
628,785
627,785
628,785
630,785
629,785
630,785
632,785
631,785
632,785
633,786
633,786
635,787
634,787
635,787
637,787
636,787
637,787
639,787
638,787
639,787
641,788
640,788
641,788
643,789
642,789
643,789
644,790
644,790
646,791
645,791
646,791
648,792
647,792
648,792
650,792
649,792
650,792
652,792
651,792
652,792
654,793
653,793
654,793
656,793
655,793
656,793
658,794
657,794
658,794
660,794
659,794
660,794
662,794
661,794
662,794
663,795
663,795
665,795
664,795
665,795
667,795
666,795
667,795
669,796
668,796
669,796
671,796
670,796
671,796
673,796
672,796
673,796
675,797
674,797
675,797
677,797
676,797
677,797
679,797
678,797
679,797
681,798
680,798
681,798
683,798
682,798
683,798
685,798
684,798
685,798
687,798
686,798
687,798
688,799
688,799
690,799
689,799
690,799
692,800
691,800
692,800
694,801
693,801
694,801
696,801
695,801
696,801
698,801
697,801
698,801
700,802
699,802
700,802
702,802
701,802
702,802
704,803
703,803
704,803
706,803
705,803
706,803
708,803
707,803
708,803
709,804
709,804
711,804
710,804
711,804
713,804
712,804
713,804
715,805
714,805
715,805
717,805
716,805
717,805
719,805
718,805
719,805
721,805
720,805
721,805
723,806
722,806
723,806
725,806
724,806
725,806
727,806
726,806
727,806
729,807
728,807
729,807
731,807
730,807
731,807
733,807
732,807
733,807
735,807
734,807
735,807
737,807
736,807
737,807
739,807
738,807
739,807
741,807
740,807
741,807
743,808
742,808
743,808
745,808
744,808
745,808
747,808
746,808
747,808
748,809
748,809
750,809
749,809
750,809
752,809
751,809
752,809
754,809
753,809
754,809
756,809
755,809
756,809
758,809
757,809
758,809
760,809
759,809
760,809
762,809
761,809
762,809
764,809
763,809
764,809
766,809
765,809
766,809
768,809
767,809
768,809
770,809
769,809
770,809
772,809
771,809
772,809
774,809
773,809
774,809
776,809
775,809
776,809
778,810
777,810
778,810
780,810
779,810
780,810
782,810
781,810
782,810
784,811
783,811
784,811
786,811
785,811
786,811
788,811
787,811
788,811
790,811
789,811
790,811
792,811
791,811
792,811
794,811
793,811
794,811
796,812
795,812
796,812
798,812
797,812
798,812
800,812
799,812
800,812
802,812
801,812
802,812
804,812
803,812
804,812
806,812
805,812
806,812
808,812
807,812
808,812
810,812
809,812
810,812
812,812
811,812
812,812
814,812
813,812
814,812
816,812
815,812
816,812
818,812
817,812
818,812
820,812
819,812
820,812
822,812
821,812
822,812
824,813
823,813
824,813
826,813
825,813
826,813
828,813
827,813
828,813
830,813
829,813
830,813
832,813
831,813
832,813
834,813
833,813
834,813
836,814
835,814
836,814
837,814
837,814
839,814
838,814
839,814
841,814
840,814
841,814
843,814
842,814
843,814
845,814
844,814
845,814
847,814
846,814
847,814
850,814
848,814
849,814
850,814
851,815
851,815
853,815
852,815
853,815
855,815
854,815
855,815
857,816
856,816
857,816
859,816
858,816
859,816
861,816
860,816
861,816
863,816
862,816
863,816
865,816
864,816
865,816
867,817
866,817
867,817
869,817
868,817
869,817
871,817
870,817
871,817
873,817
872,817
873,817
875,817
874,817
875,817
877,817
876,817
877,817
879,818
878,818
879,818
881,818
880,818
881,818
883,818
882,818
883,818
885,818
884,818
885,818
887,818
886,818
887,818
889,818
888,818
889,818
891,818
890,818
891,818
892,819
892,819
894,819
893,819
894,819
896,820
895,820
896,820
898,820
897,820
898,820
900,820
899,820
900,820
902,820
901,820
902,820
904,820
903,820
904,820
906,821
905,821
906,821
908,821
907,821
908,821
910,821
909,821
910,821
912,821
911,821
912,821
914,821
913,821
914,821
916,821
915,821
916,821
918,821
917,821
918,821
920,821
919,821
920,821
922,821
921,821
922,821
924,822
923,822
924,822
926,821
925,821
926,821
928,821
927,821
928,821
930,821
929,821
930,821
932,821
931,821
932,821
934,821
933,821
934,821
936,821
935,821
936,821
938,821
937,821
938,821
940,821
939,821
940,821
942,821
941,821
942,821
944,821
943,821
944,821
946,821
945,821
946,821
948,821
947,821
948,821
949,820
949,820
952,820
950,820
951,820
952,820
954,820
953,820
954,820
956,820
955,820
956,820
958,820
957,820
958,820
959,820
959,820
961,819
960,819
961,819
963,819
962,819
963,819
965,819
964,819
965,819
967,819
966,819
967,819
969,819
968,819
969,819
971,819
970,819
971,819
973,818
972,818
973,818
975,818
974,818
975,818
977,818
976,818
977,818
979,818
978,818
979,818
981,818
980,818
981,818
983,818
982,818
983,818
985,817
984,817
985,817
987,817
986,817
987,817
989,817
988,817
989,817
991,817
990,817
991,817
993,816
992,816
993,816
995,816
994,816
995,816
996,815
996,815
998,815
997,815
998,815
1000,814
999,814
1000,814
1001,813
1001,813
1003,812
1002,812
1003,812
1004,810
1004,811
1004,810
1005,809
1005,809
1007,808
1006,808
1007,808
1008,806
1008,807
1008,806
1009,804
1009,805
1009,804
1010,803
1010,803
1011,801
1011,802
1011,801
1012,799
1012,800
1012,799
1013,797
1013,798
1013,797
1014,795
1014,796
1014,795
1015,793
1015,794
1015,793
1015,791
1015,792
1015,791
1016,788
1016,790
1016,789
1016,788
1016,786
1016,787
1016,786
1017,784
1017,785
1017,784
1017,781
1017,783
1017,782
1017,781
1018,779
1018,780
1018,779
1018,776
1018,778
1018,777
1018,776
1018,774
1018,775
1018,774
1019,771
1019,773
1019,772
1019,771
1019,768
1019,770
1019,769
1019,768
1019,766
1019,767
1019,766
1019,763
1019,765
1019,764
1019,763
1019,760
1019,762
1019,761
1019,760
1019,758
1019,759
1019,758
1019,755
1019,757
1019,756
1019,755
1019,752
1019,754
1019,753
1019,752
1018,749
1018,751
1018,750
1018,749
1018,747
1018,748
1018,747
1018,744
1018,746
1018,745
1018,744
1017,741
1017,743
1017,742
1017,741
1017,739
1017,740
1017,739
1017,736
1017,738
1017,737
1017,736
1016,733
1016,735
1016,734
1016,733
1015,731
1015,732
1015,731
1015,728
1015,730
1015,729
1015,728
1014,726
1014,727
1014,726
1013,723
1013,725
1013,724
1013,723
1012,721
1012,722
1012,721
1012,719
1012,720
1012,719
1011,716
1011,718
1011,717
1011,716
1010,714
1010,715
1010,714
1009,712
1009,713
1009,712
1008,710
1008,711
1008,710
1006,708
1007,709
1006,708
1005,706
1005,707
1005,706
1004,704
1004,705
1004,704
1003,702
1003,703
1003,702
1001,700
1002,701
1001,700
1000,699
1000,699
999,697
999,698
999,697
997,696
998,696
997,696
996,694
996,695
996,694
994,693
995,693
994,693
992,693
993,693
992,693
991,693
991,693
993,693
992,693
993,693
996,693
994,693
995,693
996,693
998,694
997,694
998,694
1000,694
999,694
1000,694
1002,694
1001,694
1002,694
1004,694
1003,694
1004,694
1006,694
1005,694
1006,694
1008,694
1007,694
1008,694
1010,694
1009,694
1010,694
1012,694
1011,694
1012,694
1014,694
1013,694
1014,694
1016,694
1015,694
1016,694
1018,694
1017,694
1018,694
1020,694
1019,694
1020,694
1022,694
1021,694
1022,694
1024,694
1023,694
1024,694
1026,694
1025,694
1026,694
1028,694
1027,694
1028,694
1030,694
1029,694
1030,694
1032,694
1031,694
1032,694
1034,694
1033,694
1034,694
1036,694
1035,694
1036,694
1038,694
1037,694
1038,694
1040,694
1039,694
1040,694
1042,694
1041,694
1042,694
1044,694
1043,694
1044,694
1046,694
1045,694
1046,694
1048,694
1047,694
1048,694
1050,694
1049,694
1050,694
1052,693
1051,693
1052,693
1054,693
1053,693
1054,693
1056,693
1055,693
1056,693
1058,693
1057,693
1058,693
1060,693
1059,693
1060,693
1062,693
1061,693
1062,693
1064,693
1063,693
1064,693
1066,693
1065,693
1066,693
1068,694
1067,694
1068,694
1070,694
1069,694
1070,694
1072,694
1071,694
1072,694
1074,694
1073,694
1074,694
1076,694
1075,694
1076,694
1078,694
1077,694
1078,694
1080,694
1079,694
1080,694
1082,694
1081,694
1082,694
1084,694
1083,694
1084,694
1086,694
1085,694
1086,694
1087,693
1087,693
1089,693
1088,693
1089,693
1091,693
1090,693
1091,693
1093,693
1092,693
1093,693
1095,693
1094,693
1095,693
1097,693
1096,693
1097,693
1099,693
1098,693
1099,693
1101,693
1100,693
1101,693
1103,693
1102,693
1103,693
1105,693
1104,693
1105,693
1107,693
1106,693
1107,693
1109,693
1108,693
1109,693
1111,693
1110,693
1111,693
1113,693
1112,693
1113,693
1116,693
1114,693
1115,693
1116,693
1118,693
1117,693
1118,693
1120,693
1119,693
1120,693
1122,693
1121,693
1122,693
1124,693
1123,693
1124,693
1126,693
1125,693
1126,693
1128,693
1127,693
1128,693
1130,693
1129,693
1130,693
1132,693
1131,693
1132,693
1134,693
1133,693
1134,693
1136,693
1135,693
1136,693
1137,692
1137,692
1139,692
1138,692
1139,692
1141,691
1140,691
1141,691
1143,691
1142,691
1143,691
1145,691
1144,691
1145,691
1147,691
1146,691
1147,691
1149,691
1148,691
1149,691
1151,691
1150,691
1151,691
1153,691
1152,691
1153,691
1155,691
1154,691
1155,691
1157,691
1156,691
1157,691
1159,690
1158,690
1159,690
1161,690
1160,690
1161,690
1163,690
1162,690
1163,690
1165,690
1164,690
1165,690
1167,690
1166,690
1167,690
1169,690
1168,690
1169,690
1171,690
1170,690
1171,690
1173,690
1172,690
1173,690
1175,690
1174,690
1175,690
1177,689
1176,689
1177,689
1179,689
1178,689
1179,689
1181,689
1180,689
1181,689
1183,689
1182,689
1183,689
1185,689
1184,689
1185,689
1187,689
1186,689
1187,689
1189,689
1188,689
1189,689
1191,689
1190,689
1191,689
1193,689
1192,689
1193,689
1195,689
1194,689
1195,689
1197,689
1196,689
1197,689
1199,688
1198,688
1199,688
1200,689
1200,689
1202,689
1201,689
1202,689
1204,689
1203,689
1204,689
1206,690
1205,690
1206,690
1208,690
1207,690
1208,690
1210,690
1209,690
1210,690
1212,690
1211,690
1212,690
1214,690
1213,690
1214,690
1216,690
1215,690
1216,690
1218,690
1217,690
1218,690
1220,690
1219,690
1220,690
1222,690
1221,690
1222,690
1223,691
1223,691
1224,692
1224,692
1225,693
1225,693
1226,695
1226,694
1226,695
1226,696
1226,696
1227,698
1227,697
1227,698
1227,700
1227,699
1227,700
1226,703
1226,701
1226,702
1226,703
1226,705
1226,704
1226,705
1226,707
1226,706
1226,707
1225,710
1225,708
1225,709
1225,710
1225,713
1225,711
1225,712
1225,713
1224,715
1224,714
1224,715
1224,718
1224,716
1224,717
1224,718
1223,721
1223,719
1223,720
1223,721
1223,723
1223,722
1223,723
1222,726
1222,724
1222,725
1222,726
1222,728
1222,727
1222,728
1222,731
1222,729
1222,730
1222,731
1222,733
1222,732
1222,733
1222,735
1222,734
1222,735
1222,737
1222,736
1222,737
1222,739
1222,738
1222,739
1223,741
1223,740
1223,741
1223,742
1223,742
1224,744
1224,743
1224,744
1225,746
1225,745
1225,746
1226,748
1226,747
1226,748
1226,750
1226,749
1226,750
1227,752
1227,751
1227,752
1227,754
1227,753
1227,754
1228,755
1228,755
1230,757
1229,756
1230,757
1231,758
1231,758
1232,760
1232,759
1232,760
1233,762
1233,761
1233,762
1235,763
1234,763
1235,763
1237,764
1236,764
1237,764
1239,764
1238,764
1239,764
1241,764
1240,764
1241,764
1243,765
1242,765
1243,765
1244,765
1244,765
1246,766
1245,766
1246,766
1248,766
1247,766
1248,766
1250,766
1249,766
1250,766
1252,766
1251,766
1252,766
1254,765
1253,765
1254,765
1256,765
1255,765
1256,765
1258,765
1257,765
1258,765
1260,764
1259,764
1260,764
1262,764
1261,764
1262,764
1264,763
1263,763
1264,763
1266,763
1265,763
1266,763
1267,762
1267,762
1269,762
1268,762
1269,762
1271,761
1270,761
1271,761
1273,761
1272,761
1273,761
1275,760
1274,760
1275,760
1277,760
1276,760
1277,760
1279,759
1278,759
1279,759
1280,758
1280,758
1282,757
1281,757
1282,757
1284,755
1283,756
1284,755
1285,754
1285,754
1286,753
1286,753
1288,751
1287,752
1288,751
1289,750
1289,750
1291,748
1290,749
1291,748
1292,747
1292,747
1294,745
1293,746
1294,745
1295,744
1295,744
1296,743
1296,743
1297,741
1297,742
1297,741
1299,739
1298,740
1299,739
1300,738
1300,738
1301,736
1301,737
1301,736
1302,735
1302,735
1303,733
1303,734
1303,733
1304,731
1304,732
1304,731
1304,729
1304,730
1304,729
1305,727
1305,728
1305,727
1306,726
1306,726
1307,724
1307,725
1307,724
1308,722
1308,723
1308,722
1309,720
1309,721
1309,720
1310,719
1310,719
1311,717
1311,718
1311,717
1311,715
1311,716
1311,715
1312,713
1312,714
1312,713
1313,712
1313,712
1313,709
1313,711
1313,710
1313,709
1314,708
1314,708
1314,706
1314,707
1314,706
1315,704
1315,705
1315,704
1315,702
1315,703
1315,702
1315,700
1315,701
1315,700
1316,698
1316,699
1316,698
1316,696
1316,697
1316,696
1316,694
1316,695
1316,694
1317,692
1317,693
1317,692
1317,690
1317,691
1317,690
1317,688
1317,689
1317,688
1317,686
1317,687
1317,686
1318,684
1318,685
1318,684
1318,683
1318,683
1318,681
1318,682
1318,681
1318,679
1318,680
1318,679
1318,676
1318,678
1318,677
1318,676
1318,674
1318,675
1318,674
1318,672
1318,673
1318,672
1317,670
1317,671
1317,670
1317,668
1317,669
1317,668
1317,666
1317,667
1317,666
1317,664
1317,665
1317,664
1316,662
1316,663
1316,662
1316,660
1316,661
1316,660
1316,658
1316,659
1316,658
1316,655
1316,657
1316,656
1316,655
1316,653
1316,654
1316,653
1315,651
1315,652
1315,651
1315,649
1315,650
1315,649
1315,647
1315,648
1315,647
1315,645
1315,646
1315,645
1315,643
1315,644
1315,643
1316,641
1316,642
1316,641
1316,639
1316,640
1316,639
1316,637
1316,638
1316,637
1317,636
1317,636
1317,634
1317,635
1317,634
1318,632
1318,633
1318,632
1319,630
1319,631
1319,630
1320,629
1320,629
1320,627
1320,628
1320,627
1322,626
1321,626
1322,626
1324,625
1323,625
1324,625
1324,623
1324,624
1324,623
1324,621
1324,622
1324,621
1324,619
1324,620
1324,619
1324,617
1324,618
1324,617
1324,615
1324,616
1324,615
1325,613
1325,614
1325,613
1325,611
1325,612
1325,611
1325,609
1325,610
1325,609
1325,607
1325,608
1325,607
1326,606
1326,606
1326,604
1326,605
1326,604
1326,602
1326,603
1326,602
1326,600
1326,601
1326,600
1326,598
1326,599
1326,598
1327,596
1327,597
1327,596
1327,594
1327,595
1327,594
1327,592
1327,593
1327,592
1327,590
1327,591
1327,590
1327,588
1327,589
1327,588
1327,586
1327,587
1327,586
1327,584
1327,585
1327,584
1327,582
1327,583
1327,582
1327,580
1327,581
1327,580
1328,578
1328,579
1328,578
1328,576
1328,577
1328,576
1328,574
1328,575
1328,574
1328,572
1328,573
1328,572
1328,570
1328,571
1328,570
1327,568
1327,569
1327,568
1327,566
1327,567
1327,566
1327,564
1327,565
1327,564
1327,562
1327,563
1327,562
1327,560
1327,561
1327,560
1327,558
1327,559
1327,558
1327,556
1327,557
1327,556
1327,554
1327,555
1327,554
1327,552
1327,553
1327,552
1326,550
1326,551
1326,550
1326,548
1326,549
1326,548
1326,546
1326,547
1326,546
1325,545
1325,545
1325,543
1325,544
1325,543
1324,541
1324,542
1324,541
1323,539
1323,540
1323,539
1323,537
1323,538
1323,537
1322,536
1322,536
1321,534
1321,535
1321,534
1320,532
1320,533
1320,532
1319,530
1319,531
1319,530
1318,529
1318,529
1317,527
1317,528
1317,527
1316,525
1316,526
1316,525
1315,524
1315,524
1314,522
1314,523
1314,522
1313,520
1313,521
1313,520
1312,518
1312,519
1312,518
1311,516
1311,517
1311,516
1310,515
1310,515
1308,514
1309,514
1308,514
1307,513
1307,513
1305,511
1306,512
1305,511
1304,510
1304,510
1302,508
1303,509
1302,508
1301,507
1301,507
1299,506
1300,506
1299,506
1298,505
1298,505
1296,503
1297,504
1296,503
1295,502
1295,502
1293,501
1294,501
1293,501
1291,500
1292,500
1291,500
1290,499
1290,499
1288,498
1289,498
1288,498
1286,497
1287,497
1286,497
1284,496
1285,496
1284,496
1282,496
1283,496
1282,496
1281,495
1281,495
1279,494
1280,494
1279,494
1277,494
1278,494
1277,494
1275,493
1276,493
1275,493
1273,493
1274,493
1273,493
1271,492
1272,492
1271,492
1269,492
1270,492
1269,492
1267,491
1268,491
1267,491
1266,491
1266,491
1263,491
1265,491
1264,491
1263,491
1262,490
1262,490
1260,490
1261,490
1260,490
1258,490
1259,490
1258,490
1256,489
1257,489
1256,489
1254,489
1255,489
1254,489
1252,489
1253,489
1252,489
1250,489
1251,489
1250,489
1248,489
1249,489
1248,489
1246,490
1247,490
1246,490
1244,491
1245,491
1244,491
1242,491
1243,491
1242,491
1240,491
1241,491
1240,491
1238,491
1239,491
1238,491
1237,492
1237,492
1236,494
1236,493
1236,494
1235,496
1235,495
1235,496
1234,498
1234,497
1234,498
1233,499
1233,499
1232,501
1232,500
1232,501
1231,503
1231,502
1231,503
1230,505
1230,504
1230,505
1229,506
1229,506
1228,508
1228,507
1228,508
1227,510
1227,509
1227,510
1226,511
1226,511
1225,513
1225,512
1225,513
1224,515
1224,514
1224,515
1222,516
1223,516
1222,516
1221,518
1221,517
1221,518
1221,520
1221,519
1221,520
1220,521
1220,521
1220,523
1220,522
1220,523
1220,525
1220,524
1220,525
1220,528
1220,526
1220,527
1220,528
1220,530
1220,529
1220,530
1220,532
1220,531
1220,532
1221,535
1221,533
1221,534
1221,535
1221,537
1221,536
1221,537
1222,540
1222,538
1222,539
1222,540
1222,543
1222,541
1222,542
1222,543
1223,546
1223,544
1223,545
1223,546
1223,548
1223,547
1223,548
1224,551
1224,549
1224,550
1224,551
1224,554
1224,552
1224,553
1224,554
1225,557
1225,555
1225,556
1225,557
1225,559
1225,558
1225,559
1225,561
1225,560
1225,561
1225,563
1225,562
1225,563
1225,565
1225,564
1225,565
1225,567
1225,566
1225,567
1224,569
1224,568
1224,569
1223,570
1223,570
1222,571
1222,571
1221,571
1221,571
1219,571
1220,571
1219,571
1217,571
1218,571
1217,571
1215,572
1216,572
1215,572
1214,573
1214,573
1212,573
1213,573
1212,573
1210,573
1211,573
1210,573
1208,573
1209,573
1208,573
1206,572
1207,572
1206,572
1204,572
1205,572
1204,572
1202,572
1203,572
1202,572
1200,571
1201,571
1200,571
1198,571
1199,571
1198,571
1196,571
1197,571
1196,571
1194,571
1195,571
1194,571
1192,571
1193,571
1192,571
1190,571
1191,571
1190,571
1189,570
1189,570
1187,570
1188,570
1187,570
1185,570
1186,570
1185,570
1183,570
1184,570
1183,570
1180,570
1182,570
1181,570
1180,570
1178,570
1179,570
1178,570
1177,570
1177,570
1175,569
1176,569
1175,569
1173,569
1174,569
1173,569
1171,568
1172,568
1171,568
1169,568
1170,568
1169,568
1167,568
1168,568
1167,568
1165,568
1166,568
1165,568
1163,568
1164,568
1163,568
1161,568
1162,568
1161,568
1159,568
1160,568
1159,568
1157,568
1158,568
1157,568
1155,567
1156,567
1155,567
1153,567
1154,567
1153,567
1151,567
1152,567
1151,567
1149,567
1150,567
1149,567
1147,567
1148,567
1147,567
1145,566
1146,566
1145,566
1143,566
1144,566
1143,566
1141,566
1142,566
1141,566
1139,566
1140,566
1139,566
1137,566
1138,566
1137,566
1135,566
1136,566
1135,566
1133,566
1134,566
1133,566
1131,566
1132,566
1131,566
1129,566
1130,566
1129,566
1127,566
1128,566
1127,566
1125,566
1126,566
1125,566
1123,566
1124,566
1123,566
1121,566
1122,566
1121,566
1119,566
1120,566
1119,566
1117,566
1118,566
1117,566
1115,566
1116,566
1115,566
1113,566
1114,566
1113,566
1111,566
1112,566
1111,566
1109,566
1110,566
1109,566
1107,566
1108,566
1107,566
1105,566
1106,566
1105,566
1103,566
1104,566
1103,566
1101,566
1102,566
1101,566
1099,566
1100,566
1099,566
1097,566
1098,566
1097,566
1095,566
1096,566
1095,566
1093,566
1094,566
1093,566
1091,566
1092,566
1091,566
1089,566
1090,566
1089,566
1087,565
1088,565
1087,565
1085,565
1086,565
1085,565
1083,565
1084,565
1083,565
1081,565
1082,565
1081,565
1079,565
1080,565
1079,565
1077,564
1078,564
1077,564
1076,564
1076,564
1074,564
1075,564
1074,564
1072,564
1073,564
1072,564
1070,564
1071,564
1070,564
1067,564
1069,564
1068,564
1067,564
1066,563
1066,563
1064,563
1065,563
1064,563
1062,563
1063,563
1062,563
1060,563
1061,563
1060,563
1058,563
1059,563
1058,563
1056,563
1057,563
1056,563
1054,562
1055,562
1054,562
1052,562
1053,562
1052,562
1050,562
1051,562
1050,562
1048,562
1049,562
1048,562
1046,562
1047,562
1046,562
1044,562
1045,562
1044,562
1042,562
1043,562
1042,562
1040,561
1041,561
1040,561
1038,561
1039,561
1038,561
1036,561
1037,561
1036,561
1034,561
1035,561
1034,561
1032,561
1033,561
1032,561
1030,561
1031,561
1030,561
1028,561
1029,561
1028,561
1026,561
1027,561
1026,561
1024,562
1025,562
1024,562
1022,561
1023,561
1022,561
1021,561
1021,561
1019,561
1020,561
1019,561
1017,561
1018,561
1017,561
1015,561
1016,561
1015,561
1013,561
1014,561
1013,561
1011,561
1012,561
1011,561
1009,561
1010,561
1009,561
1007,561
1008,561
1007,561
1005,561
1006,561
1005,561
1003,561
1004,561
1003,561
1001,561
1002,561
1001,561
999,561
1000,561
999,561
997,561
998,561
997,561
995,562
996,562
995,562
993,562
994,562
993,562
991,562
992,562
991,562
989,562
990,562
989,562
987,563
988,563
987,563
985,563
986,563
985,563
983,563
984,563
983,563
981,563
982,563
981,563
980,561
980,562
980,561
979,559
979,560
979,559
978,557
978,558
978,557
977,555
977,556
977,555
976,553
976,554
976,553
975,551
975,552
975,551
975,549
975,550
975,549
974,547
974,548
974,547
974,545
974,546
974,545
973,543
973,544
973,543
973,541
973,542
973,541
973,539
973,540
973,539
973,537
973,538
973,537
973,535
973,536
973,535
973,533
973,534
973,533
973,531
973,532
973,531
973,529
973,530
973,529
973,527
973,528
973,527
973,525
973,526
973,525
973,523
973,524
973,523
974,521
974,522
974,521
974,519
974,520
974,519
974,517
974,518
974,517
975,515
975,516
975,515
975,513
975,514
975,513
975,511
975,512
975,511
976,509
976,510
976,509
976,507
976,508
976,507
977,505
977,506
977,505
977,502
977,504
977,503
977,502
977,500
977,501
977,500
978,498
978,499
978,498
978,496
978,497
978,496
978,494
978,495
978,494
979,492
979,493
979,492
979,490
979,491
979,490
979,488
979,489
979,488
979,486
979,487
979,486
980,484
980,485
980,484
980,482
980,483
980,482
980,480
980,481
980,480
980,478
980,479
980,478
980,476
980,477
980,476
980,474
980,475
980,474
980,472
980,473
980,472
979,470
979,471
979,470
979,468
979,469
979,468
979,466
979,467
979,466
978,465
978,465
978,463
978,464
978,463
977,461
977,462
977,461
976,459
976,460
976,459
976,457
976,458
976,457
975,455
975,456
975,455
974,453
974,454
974,453
972,452
973,452
972,452
971,450
971,451
971,450
970,448
970,449
970,448
969,447
969,447
967,446
968,446
967,446
966,445
966,445
964,444
965,444
964,444
962,443
963,443
962,443
960,442
961,442
960,442
958,442
959,442
958,442
956,442
957,442
956,442
954,441
955,441
954,441
953,441
953,441
951,441
952,441
951,441
948,441
950,441
949,441
948,441
947,440
947,440
945,440
946,440
945,440
943,440
944,440
943,440
941,440
942,440
941,440
939,439
940,439
939,439
937,439
938,439
937,439
935,439
936,439
935,439
933,439
934,439
933,439
931,439
932,439
931,439
929,439
930,439
929,439
927,439
928,439
927,439
925,438
926,438
925,438
923,438
924,438
923,438
921,438
922,438
921,438
919,438
920,438
919,438
917,438
918,438
917,438
915,438
916,438
915,438
913,438
914,438
913,438
911,438
912,438
911,438
909,438
910,438
909,438
907,438
908,438
907,438
905,438
906,438
905,438
903,437
904,437
903,437
901,437
902,437
901,437
899,437
900,437
899,437
897,437
898,437
897,437
895,437
896,437
895,437
893,437
894,437
893,437
891,436
892,436
891,436
890,437
890,437
888,437
889,437
888,437
886,436
887,436
886,436
884,436
885,436
884,436
882,436
883,436
882,436
880,436
881,436
880,436
878,436
879,436
878,436
876,436
877,436
876,436
874,436
875,436
874,436
872,436
873,436
872,436
870,436
871,436
870,436
868,435
869,435
868,435
866,435
867,435
866,435
864,435
865,435
864,435
862,435
863,435
862,435
860,435
861,435
860,435
858,435
859,435
858,435
856,434
857,434
856,434
854,434
855,434
854,434
852,434
853,434
852,434
850,434
851,434
850,434
848,433
849,433
848,433
847,434
847,434
845,434
846,434
845,434
843,434
844,434
843,434
841,433
842,433
841,433
839,433
840,433
839,433
837,433
838,433
837,433
835,433
836,433
835,433
833,433
834,433
833,433
831,433
832,433
831,433
829,433
830,433
829,433
827,433
828,433
827,433
825,433
826,433
825,433
823,433
824,433
823,433
821,432
822,432
821,432
819,432
820,432
819,432
817,433
818,433
817,433
815,433
816,433
815,433
813,433
814,433
813,433
812,432
812,432
810,432
811,432
810,432
808,432
809,432
808,432
806,432
807,432
806,432
804,431
805,431
804,431
802,431
803,431
802,431
800,431
801,431
800,431
798,431
799,431
798,431
796,431
797,431
796,431
794,431
795,431
794,431
792,431
793,431
792,431
790,431
791,431
790,431
788,431
789,431
788,431
786,431
787,431
786,431
784,431
785,431
784,431
782,431
783,431
782,431
780,431
781,431
780,431
778,431
779,431
778,431
776,431
777,431
776,431
774,431
775,431
774,431
772,431
773,431
772,431
770,430
771,430
770,430
768,431
769,431
768,431
766,431
767,431
766,431
764,431
765,431
764,431
762,431
763,431
762,431
760,431
761,431
760,431
758,431
759,431
758,431
756,431
757,431
756,431
754,431
755,431
754,431
752,431
753,431
752,431
750,431
751,431
750,431
748,430
749,430
748,430
746,430
747,430
746,430
744,430
745,430
744,430
742,430
743,430
742,430
740,430
741,430
740,430
738,430
739,430
738,430
736,431
737,431
736,431
734,431
735,431
734,431
732,431
733,431
732,431
730,431
731,431
730,431
728,431
729,431
728,431
727,430
727,430
725,430
726,430
725,430
723,430
724,430
723,430
721,429
722,429
721,429
719,429
720,429
719,429
717,428
718,428
717,428
715,428
716,428
715,428
713,428
714,428
713,428
711,428
712,428
711,428
709,428
710,428
709,428
707,429
708,429
707,429
705,429
706,429
705,429
703,429
704,429
703,429
701,429
702,429
701,429
699,428
700,428
699,428
698,428
698,428
695,428
697,428
696,428
695,428
693,428
694,428
693,428
691,428
692,428
691,428
690,429
690,429
688,429
689,429
688,429
686,430
687,430
686,430
684,430
685,430
684,430
682,430
683,430
682,430
680,429
681,429
680,429
678,429
679,429
678,429
676,430
677,430
676,430
675,431
675,431
673,431
674,431
673,431
671,431
672,431
671,431
669,432
670,432
669,432
667,432
668,432
667,432
665,432
666,432
665,432
663,433
664,433
663,433
661,433
662,433
661,433
659,434
660,434
659,434
657,434
658,434
657,434
655,434
656,434
655,434
653,435
654,435
653,435
652,436
652,436
650,437
651,437
650,437
648,437
649,437
648,437
647,438
647,438
645,438
646,438
645,438
643,439
644,439
643,439
641,439
642,439
641,439
639,441
640,440
639,441
638,442
638,442
636,442
637,442
636,442
634,442
635,442
634,442
632,444
633,443
632,444
631,446
631,445
631,446
630,446
630,446
628,447
629,447
628,447
626,448
627,448
626,448
624,449
625,449
624,449
623,450
623,450
621,451
622,451
621,451
620,453
620,452
620,453
618,453
619,453
618,453
616,454
617,454
616,454
615,455
615,455
613,456
614,456
613,456
611,456
612,456
611,456
609,457
610,457
609,457
608,458
608,458
606,460
607,459
606,460
605,461
605,461
603,462
604,462
603,462
601,463
602,463
601,463
600,464
600,464
598,465
599,465
598,465
596,465
597,465
596,465
595,467
595,466
595,467
594,469
594,468
594,469
594,471
594,470
594,471
593,472
593,472
591,473
592,473
591,473
590,475
590,474
590,475
589,477
589,476
589,477
589,479
589,478
589,479
588,481
588,480
588,481
587,482
587,482
586,484
586,483
586,484
585,486
585,485
585,486
585,488
585,487
585,488
585,490
585,489
585,490
584,492
584,491
584,492
584,494
584,493
584,494
583,496
583,495
583,496
582,498
582,497
582,498
582,500
582,499
582,500
581,502
581,501
581,502
581,504
581,503
581,504
580,506
580,505
580,506
580,508
580,507
580,508
580,510
580,509
580,510
580,512
580,511
580,512
579,514
579,513
579,514
579,516
579,515
579,516
579,517
579,517
578,519
578,518
578,519
577,521
577,520
577,521
577,523
577,522
577,523
577,526
577,524
577,525
577,526
577,528
577,527
577,528
577,530
577,529
577,530
576,532
576,531
576,532
574,532
575,532
574,532
572,532
573,532
572,532
571,533
571,533
571,535
571,534
571,535
570,537
570,536
570,537
570,540
570,538
570,539
570,540
571,542
571,541
571,542
571,545
571,543
571,544
571,545
572,548
572,546
572,547
572,548
573,551
573,549
573,550
573,551
573,553
573,552
573,553
574,556
574,554
574,555
574,556
574,558
574,557
574,558
575,561
575,559
575,560
575,561
575,563
575,562
575,563
576,565
576,564
576,565
576,568
576,566
576,567
576,568
576,570
576,569
576,570
576,572
576,571
576,572
576,573
576,573
576,575
576,574
576,575
575,577
575,576
575,577
575,579
575,578
575,579
574,580
574,580
573,581
573,581
572,583
572,582
572,583
570,584
571,584
570,584
568,585
569,585
568,585
566,585
567,585
566,585
564,585
565,585
564,585
562,585
563,585
562,585
560,585
561,585
560,585
558,585
559,585
558,585
556,585
557,585
556,585
554,585
555,585
554,585
552,585
553,585
552,585
550,585
551,585
550,585
548,585
549,585
548,585
546,585
547,585
546,585
544,585
545,585
544,585
542,585
543,585
542,585
540,585
541,585
540,585
538,585
539,585
538,585
536,585
537,585
536,585
534,584
535,584
534,584
532,584
533,584
532,584
530,584
531,584
530,584
528,584
529,584
528,584
526,584
527,584
526,584
524,583
525,583
524,583
523,583
523,583
521,583
522,583
521,583
518,583
520,583
519,583
518,583
516,583
517,583
516,583
514,583
515,583
514,583
513,582
513,582
511,582
512,582
511,582
509,582
510,582
509,582
507,581
508,581
507,581
505,581
506,581
505,581
503,581
504,581
503,581
501,580
502,580
501,580
499,580
500,580
499,580
498,580
498,580
497,579
497,579
496,578
496,578
495,576
495,577
495,576
495,574
495,575
495,574
495,572
495,573
495,572
496,570
496,571
496,570
496,568
496,569
496,568
497,565
497,567
497,566
497,565
497,562
497,564
497,563
497,562
498,560
498,561
498,560
498,557
498,559
498,558
498,557
498,554
498,556
498,555
498,554
498,552
498,553
498,552
498,549
498,551
498,550
498,549
498,547
498,548
498,547
497,545
497,546
497,545
497,543
497,544
497,543
496,541
496,542
496,541
496,539
496,540
496,539
496,537
496,538
496,537
495,535
495,536
495,535
495,533
495,534
495,533
494,532
494,532
492,530
493,531
492,530
491,529
491,529
490,527
490,528
490,527
489,525
489,526
489,525
489,523
489,524
489,523
488,521
488,522
488,521
487,520
487,520
486,518
486,519
486,518
485,516
485,517
485,516
484,514
484,515
484,514
483,512
483,513
483,512
482,511
482,511
481,509
481,510
481,509
480,507
480,508
480,507
479,506
479,506
478,504
478,505
478,504
477,502
477,503
477,502
476,500
476,501
476,500
475,499
475,499
473,497
474,498
473,497
472,496
472,496
471,494
471,495
471,494
470,492
470,493
470,492
469,491
469,491
468,489
468,490
468,489
467,487
467,488
467,487
466,486
466,486
464,484
465,485
464,484
463,483
463,483
461,481
462,482
461,481
460,480
460,480
459,479
459,479
457,477
458,478
457,477
456,476
456,476
454,475
455,475
454,475
452,474
453,474
452,474
451,472
451,473
451,472
450,471
450,471
448,469
449,470
448,469
447,468
447,468
445,466
446,467
445,466
444,465
444,465
442,464
443,464
442,464
440,463
441,463
440,463
439,462
439,462
437,461
438,461
437,461
435,460
436,460
435,460
434,459
434,459
432,457
433,458
432,457
431,456
431,456
429,455
430,455
429,455
427,455
428,455
427,455
425,454
426,454
425,454
424,453
424,453
422,451
423,452
422,451
420,451
421,451
420,451
418,450
419,450
418,450
416,450
417,450
416,450
415,449
415,449
413,448
414,448
413,448
411,448
412,448
411,448
409,447
410,447
409,447
407,446
408,446
407,446
405,446
406,446
405,446
404,445
404,445
402,444
403,444
402,444
400,443
401,443
400,443
398,443
399,443
398,443
396,442
397,442
396,442
394,442
395,442
394,442
392,441
393,441
392,441
391,440
391,440
389,440
390,440
389,440
387,440
388,440
387,440
385,440
386,440
385,440
383,438
384,439
383,438
381,438
382,438
381,438
379,438
380,438
379,438
377,437
378,437
377,437
375,437
376,437
375,437
374,436
374,436
372,436
373,436
372,436
370,435
371,435
370,435
368,435
369,435
368,435
366,435
367,435
366,435
364,434
365,434
364,434
362,434
363,434
362,434
360,433
361,433
360,433
358,433
359,433
358,433
356,433
357,433
356,433
354,433
355,433
354,433
352,433
353,433
352,433
350,433
351,433
350,433
348,433
349,433
348,433
346,432
347,432
346,432
344,432
345,432
344,432
343,432
343,432
342,431
342,431
341,429
341,430
341,429
341,427
341,428
341,427
341,425
341,426
341,425
342,422
342,424
342,423
342,422
342,420
342,421
342,420
342,417
342,419
342,418
342,417
342,415
342,416
342,415
342,412
342,414
342,413
342,412
341,411
341,411
340,409
340,410
340,409
340,407
340,408
340,407
339,405
339,406
339,405
338,403
338,404
338,403
336,402
337,402
336,402
335,401
335,401
334,399
334,400
334,399
332,398
333,398
332,398
330,397
331,397
330,397
328,397
329,397
328,397
326,397
327,397
326,397
324,397
325,397
324,397
322,397
323,397
322,397
320,397
321,397
320,397
318,397
319,397
318,397
316,397
317,397
316,397
314,397
315,397
314,397
312,397
313,397
312,397
310,398
311,398
310,398
308,398
309,398
308,398
306,398
307,398
306,398
304,398
305,398
304,398
302,398
303,398
302,398
300,398
301,398
300,398
298,399
299,399
298,399
296,399
297,399
296,399
294,399
295,399
294,399
291,399
293,399
292,399
291,399
289,399
290,399
289,399
287,400
288,400
287,400
285,400
286,400
285,400
283,400
284,400
283,400
281,400
282,400
281,400
279,401
280,401
279,401
277,401
278,401
277,401
275,401
276,401
275,401
273,401
274,401
273,401
271,402
272,402
271,402
268,402
270,402
269,402
268,402
266,402
267,402
266,402
264,402
265,402
264,402
262,403
263,403
262,403
260,403
261,403
260,403
258,403
259,403
258,403
256,403
257,403
256,403
254,404
255,404
254,404
252,404
253,404
252,404
250,404
251,404
250,404
248,404
249,404
248,404
246,404
247,404
246,404
243,405
245,405
244,405
243,405
241,405
242,405
241,405
239,405
240,405
239,405
237,405
238,405
237,405
235,405
236,405
235,405
233,405
234,405
233,405
231,405
232,405
231,405
229,405
230,405
229,405
227,405
228,405
227,405
225,405
226,405
225,405
223,405
224,405
223,405
221,405
222,405
221,405
219,405
220,405
219,405
217,405
218,405
217,405
215,405
216,405
215,405
213,405
214,405
213,405
211,405
212,405
211,405
209,405
210,405
209,405
207,405
208,405
207,405
205,404
206,404
205,404
203,404
204,404
203,404
201,404
202,404
201,404
199,404
200,404
199,404
197,403
198,403
197,403
195,403
196,403
195,403
193,403
194,403
193,403
191,402
192,402
191,402
189,402
190,402
189,402
187,401
188,401
187,401
185,401
186,401
185,401
183,400
184,400
183,400
182,400
182,400
180,399
181,399
180,399
178,398
179,398
178,398
176,398
177,398
176,398
174,397
175,397
174,397
172,396
173,396
172,396
170,395
171,395
170,395
169,394
169,394
167,394
168,394
167,394
165,393
166,393
165,393
163,392
164,392
163,392
162,391
162,391
160,390
161,390
160,390
158,388
159,389
158,388
156,388
157,388
156,388
154,388
155,388
154,388
152,388
153,388
152,388
150,388
151,388
150,388
148,389
149,389
148,389
146,389
147,389
146,389
144,389
145,389
144,389
142,389
143,389
142,389
141,390
141,390
139,390
140,390
139,390
137,391
138,391
137,391
135,392
136,392
135,392
133,392
134,392
133,392
131,393
132,393
131,393
129,394
130,394
129,394
127,394
128,394
127,394
126,395
126,395
124,395
125,395
124,395
122,396
123,396
122,396
120,396
121,396
120,396
118,396
119,396
118,396
116,397
117,397
116,397
114,397
115,397
114,397
112,398
113,398
112,398
111,399
111,399
109,400
110,400
109,400
107,401
108,401
107,401
106,402
106,402
104,404
105,403
104,404
103,405
103,405
102,406
102,406
100,408
101,407
100,408
99,410
99,409
99,410
98,411
98,411
96,412
97,412
96,412
95,414
95,413
95,414
94,415
94,415
92,417
93,416
92,417
91,418
91,418
90,419
90,419
88,421
89,420
88,421
88,423
88,422
88,423
87,424
87,424
85,426
86,425
85,426
84,427
84,427
82,429
83,428
82,429
82,431
82,430
82,431
80,432
81,432
80,432
79,433
79,433
78,435
78,434
78,435
76,436
77,436
76,436
75,438
75,437
75,438
74,439
74,439
72,441
73,440
72,441
71,442
71,442
69,444
70,443
69,444
68,445
68,445
67,447
67,446
67,447
66,448
66,448
64,450
65,449
64,450
64,452
64,451
64,452
63,453
63,453
62,455
62,454
62,455
62,457
62,456
62,457
61,459
61,458
61,459
60,461
60,460
60,461
60,463
60,462
60,463
60,465
60,464
60,465
59,467
59,466
59,467
59,469
59,468
59,469
58,470
58,470
58,472
58,471
58,472
58,474
58,473
58,474
58,476
58,475
58,476
57,478
57,477
57,478
57,480
57,479
57,480
57,482
57,481
57,482
57,484
57,483
57,484
56,486
56,485
56,486
56,488
56,487
56,488
56,490
56,489
56,490
55,492
55,491
55,492
55,494
55,493
55,494
54,496
54,495
54,496
54,498
54,497
54,498
54,500
54,499
54,500
53,501
53,501
53,503
53,502
53,503
52,505
52,504
52,505
52,507
52,506
52,507
51,509
51,508
51,509
51,511
51,510
51,511
51,513
51,512
51,513
50,515
50,514
50,515
50,517
50,516
50,517
49,519
49,518
49,519
49,520
49,520
48,522
48,521
48,522
48,524
48,523
48,524
47,526
47,525
47,526
47,528
47,527
47,528
47,530
47,529
47,530
46,532
46,531
46,532
46,534
46,533
46,534
46,536
46,535
46,536
45,538
45,537
45,538
45,540
45,539
45,540
44,541
44,541
44,543
44,542
44,543
44,545
44,544
44,545
43,547
43,546
43,547
43,549
43,548
43,549
43,551
43,550
43,551
42,553
42,552
42,553
42,555
42,554
42,555
42,557
42,556
42,557
41,559
41,558
41,559
41,561
41,560
41,561
41,563
41,562
41,563
41,565
41,564
41,565
41,567
41,566
41,567
40,568
40,568
40,570
40,569
40,570
40,572
40,571
40,572
40,574
40,573
40,574
40,576
40,575
40,576
39,578
39,577
39,578
39,580
39,579
39,580
39,582
39,581
39,582
39,584
39,583
39,584
39,586
39,585
39,586
39,588
39,587
39,588
38,590
38,589
38,590
38,592
38,591
38,592
38,594
38,593
38,594
38,596
38,595
38,596
38,598
38,597
38,598
38,600
38,599
38,600
38,602
38,601
38,602
37,604
37,603
37,604
37,606
37,605
37,606
37,608
37,607
37,608
37,610
37,609
37,610
37,612
37,611
37,612
37,614
37,613
37,614
37,616
37,615
37,616
37,618
37,617
37,618
36,620
36,619
36,620
36,622
36,621
36,622
36,624
36,623
36,624
36,626
36,625
36,626
36,628
36,627
36,628
36,630
36,629
36,630
36,632
36,631
36,632
36,634
36,633
36,634
36,636
36,635
36,636
35,637
35,637
35,639
35,638
35,639
35,641
35,640
35,641
35,643
35,642
35,643
35,645
35,644
35,645
35,647
35,646
35,647
35,649
35,648
35,649
35,651
35,650
35,651
35,653
35,652
35,653
35,656
35,654
35,655
35,656
34,657
34,657
34,659
34,658
34,659
34,661
34,660
34,661
34,663
34,662
34,663
34,665
34,664
34,665
34,667
34,666
34,667
34,669
34,668
34,669
34,671
34,670
34,671
34,673
34,672
34,673
34,675
34,674
34,675
34,677
34,676
34,677
33,679
33,678
33,679
33,681
33,680
33,681
33,683
33,682
33,683
33,685
33,684
33,685
33,687
33,686
33,687
33,689
33,688
33,689
33,691
33,690
33,691
33,693
33,692
33,693
33,695
33,694
33,695
33,697
33,696
33,697
32,699
32,698
32,699
32,701
32,700
32,701
32,703
32,702
32,703
32,705
32,704
32,705
32,707
32,706
32,707
32,709
32,708
32,709
32,711
32,710
32,711
32,713
32,712
32,713
32,715
32,714
32,715
32,717
32,716
32,717
32,719
32,718
32,719
32,719
