31,723,0
31,722,0
31,723,0
31,725,0
31,724,0
31,725,0
31,727,0
31,726,0
31,727,0
31,729,0
31,728,0
31,729,0
32,731,0
32,730,0
32,731,0
32,733,0
32,732,0
32,733,0
32,735,0
32,734,0
32,735,0
32,737,0
32,736,0
32,737,0
33,739,0
33,738,0
33,739,0
34,740,0
34,740,0
35,742,0
35,741,0
35,742,0
36,744,0
36,743,0
36,744,0
37,746,0
37,745,0
37,746,0
37,748,0
37,747,0
37,748,0
38,749,0
38,749,0
39,751,0
39,750,0
39,751,0
40,753,0
40,752,0
40,753,0
41,755,0
41,754,0
41,755,0
41,757,0
41,756,0
41,757,0
42,759,0
42,758,0
42,759,0
43,760,0
43,760,0
44,762,0
44,761,0
44,762,0
45,764,0
45,763,0
45,764,0
46,766,0
46,765,0
46,766,0
47,768,0
47,767,0
47,768,0
47,770,0
47,769,0
47,770,0
48,771,0
48,771,0
49,773,0
49,772,0
49,773,0
50,775,0
50,774,0
50,775,0
51,777,0
51,776,0
51,777,0
52,779,0
52,778,0
52,779,0
52,781,0
52,780,0
52,781,0
53,782,0
53,782,0
54,784,0
54,783,0
54,784,0
55,786,0
55,785,0
55,786,0
56,788,0
56,787,0
56,788,0
57,790,0
57,789,0
57,790,0
58,791,0
58,791,0
59,793,0
59,792,0
59,793,0
60,795,0
60,794,0
60,795,0
61,796,0
61,796,0
62,798,0
62,797,0
62,798,0
63,800,0
63,799,0
63,800,0
64,801,0
64,801,0
65,803,0
65,802,0
65,803,0
66,805,0
66,804,0
66,805,0
66,807,0
66,806,0
66,807,0
67,809,0
67,808,0
67,809,0
68,811,0
68,810,0
68,811,0
69,812,0
69,812,0
70,814,0
70,813,0
70,814,0
71,815,0
71,815,0
73,817,0
72,816,0
73,817,0
74,819,0
74,818,0
74,819,0
75,820,0
75,820,0
77,821,0
76,821,0
77,821,0
78,823,0
78,822,0
78,823,0
80,824,0
79,824,0
80,824,0
81,825,0
81,825,0
82,826,0
82,826,0
84,828,0
83,827,0
84,828,0
85,829,0
85,829,0
87,830,0
86,830,0
87,830,0
88,832,0
88,831,0
88,832,0
89,833,0
89,833,0
91,834,0
90,834,0
91,834,0
92,836,0
92,835,0
92,836,0
93,837,0
93,837,0
95,838,0
94,838,0
95,838,0
96,840,0
96,839,0
96,840,0
98,842,0
97,841,0
98,842,0
99,843,0
99,843,0
100,844,0
100,844,0
101,846,0
101,845,0
101,846,0
103,847,0
102,847,0
103,847,0
104,849,0
104,848,0
104,849,0
105,850,0
105,850,0
107,851,0
106,851,0
107,851,0
108,853,0
108,852,0
108,853,0
109,854,0
109,854,0
111,856,0
110,855,0
111,856,0
112,857,0
112,857,0
114,858,0
113,858,0
114,858,0
116,859,0
115,859,0
116,859,0
118,860,0
117,860,0
118,860,0
120,860,0
119,860,0
120,860,0
122,860,0
121,860,0
122,860,0
123,859,0
123,859,0
125,859,0
124,859,0
125,859,0
127,859,0
126,859,0
127,859,0
129,859,0
128,859,0
129,859,0
131,860,0
130,860,0
131,860,0
133,860,0
132,860,0
133,860,0
135,861,0
134,861,0
135,861,0
137,861,0
136,861,0
137,861,0
139,861,0
138,861,0
139,861,0
141,861,0
140,861,0
141,861,0
143,860,0
142,860,0
143,860,0
145,860,0
144,860,0
145,860,0
147,860,0
146,860,0
147,860,0
149,860,0
148,860,0
149,860,0
151,860,0
150,860,0
151,860,0
153,860,0
152,860,0
153,860,0
155,860,0
154,860,0
155,860,0
157,860,0
156,860,0
157,860,0
159,861,0
158,861,0
159,861,0
161,861,0
160,861,0
161,861,0
162,860,0
162,860,0
164,860,0
163,860,0
164,860,0
166,859,0
165,859,0
166,859,0
168,859,0
167,859,0
168,859,0
170,858,0
169,858,0
170,858,0
172,857,0
171,857,0
172,857,0
173,856,0
173,856,0
175,855,0
174,855,0
175,855,0
177,854,0
176,854,0
177,854,0
179,853,0
178,853,0
179,853,0
181,852,0
180,852,0
181,852,0
182,851,0
182,851,0
184,850,0
183,850,0
184,850,0
186,849,0
185,849,0
186,849,0
187,848,0
187,848,0
189,847,0
188,847,0
189,847,0
191,846,0
190,846,0
191,846,0
193,845,0
192,845,0
193,845,0
195,844,0
194,844,0
195,844,0
196,843,0
196,843,0
197,841,0
197,842,0
197,841,0
198,840,0
198,840,0
200,838,0
199,839,0
200,838,0
201,837,0
201,837,0
202,835,0
202,836,0
202,835,0
203,833,0
203,834,0
203,833,0
204,832,0
204,832,0
206,830,0
205,831,0
206,830,0
207,829,0
207,829,0
208,827,0
208,828,0
208,827,0
209,826,0
209,826,0
210,824,0
210,825,0
210,824,0
212,823,0
211,823,0
212,823,0
214,822,0
213,822,0
214,822,0
215,820,0
215,821,0
215,820,0
216,819,0
216,819,0
217,817,0
217,818,0
217,817,0
217,814,0
217,816,0
217,815,0
217,814,0
217,812,0
217,813,0
217,812,0
217,810,0
217,811,0
217,810,0
218,808,0
218,809,0
218,808,0
219,807,0
219,807,0
221,807,0
220,807,0
221,807,0
223,807,0
222,807,0
223,807,0
224,806,0
224,806,0
224,804,0
224,805,0
224,804,0
224,801,0
224,803,0
224,802,0
224,801,0
224,799,0
224,800,0
224,799,0
224,796,0
224,798,0
224,797,0
224,796,0
224,794,0
224,795,0
224,794,0
226,794,0
225,794,0
226,794,0
228,795,0
227,795,0
228,795,0
230,795,0
229,795,0
230,795,0
231,794,0
231,794,0
232,792,0
232,793,0
232,792,0
233,790,0
233,791,0
233,790,0
234,788,0
234,789,0
234,788,0
235,787,0
235,787,0
237,786,0
236,786,0
237,786,0
238,784,0
238,785,0
238,784,0
239,782,0
239,783,0
239,782,0
239,780,0
239,781,0
239,780,0
239,777,0
239,779,0
239,778,0
239,777,0
239,775,0
239,776,0
239,775,0
240,773,0
240,774,0
240,773,0
242,773,0
241,773,0
242,773,0
244,773,0
243,773,0
244,773,0
245,774,0
245,774,0
247,774,0
246,774,0
247,774,0
249,775,0
248,775,0
249,775,0
251,776,0
250,776,0
251,776,0
253,777,0
252,777,0
253,777,0
254,778,0
254,778,0
256,779,0
255,779,0
256,779,0
258,779,0
257,779,0
258,779,0
260,779,0
259,779,0
260,779,0
262,780,0
261,780,0
262,780,0
264,781,0
263,781,0
264,781,0
266,781,0
265,781,0
266,781,0
267,781,0
267,781,0
268,783,0
268,782,0
268,783,0
268,785,0
268,784,0
268,785,0
268,787,0
268,786,0
268,787,0
268,790,0
268,788,0
268,789,0
268,790,0
268,792,0
268,791,0
268,792,0
268,794,0
268,793,0
268,794,0
269,796,0
269,795,0
269,796,0
270,798,0
270,797,0
270,798,0
271,800,0
271,799,0
271,800,0
272,802,0
272,801,0
272,802,0
273,803,0
273,803,0
274,805,0
274,804,0
274,805,0
275,807,0
275,806,0
275,807,0
277,807,0
276,807,0
277,807,0
279,807,0
278,807,0
279,807,0
281,808,0
280,808,0
281,808,0
283,809,0
282,809,0
283,809,0
285,809,0
284,809,0
285,809,0
286,810,0
286,810,0
288,810,0
287,810,0
288,810,0
290,810,0
289,810,0
290,810,0
292,810,0
291,810,0
292,810,0
294,810,0
293,810,0
294,810,0
296,810,0
295,810,0
296,810,0
298,810,0
297,810,0
298,810,0
300,809,0
299,809,0
300,809,0
302,809,0
301,809,0
302,809,0
304,809,0
303,809,0
304,809,0
306,808,0
305,808,0
306,808,0
308,808,0
307,808,0
308,808,0
310,807,0
309,807,0
310,807,0
312,806,0
311,806,0
312,806,0
313,805,0
313,805,0
315,804,0
314,804,0
315,804,0
317,803,0
316,803,0
317,803,0
319,803,0
318,803,0
319,803,0
321,803,0
320,803,0
321,803,0
322,801,0
322,802,0
322,801,0
323,799,0
323,800,0
323,799,0
324,797,0
324,798,0
324,797,0
325,796,0
325,796,0
326,794,0
326,795,0
326,794,0
327,792,0
327,793,0
327,792,0
328,790,0
328,791,0
328,790,0
329,790,0
329,790,0
331,789,0
330,789,0
331,789,0
331,787,0
331,788,0
331,787,0
331,784,0
331,786,0
331,785,0
331,784,0
333,784,0
332,784,0
333,784,0
335,783,0
334,783,0
335,783,0
336,782,0
336,782,0
338,782,0
337,782,0
338,782,0
340,781,0
339,781,0
340,781,0
342,781,0
341,781,0
342,781,0
344,781,0
343,781,0
344,781,0
346,780,0
345,780,0
346,780,0
348,780,0
347,780,0
348,780,0
350,779,0
349,779,0
350,779,0
352,779,0
351,779,0
352,779,0
353,778,0
353,778,0
355,778,0
354,778,0
355,778,0
357,777,0
356,777,0
357,777,0
359,777,0
358,777,0
359,777,0
361,777,0
360,777,0
361,777,0
363,776,0
362,776,0
363,776,0
365,775,0
364,775,0
365,775,0
367,774,0
366,774,0
367,774,0
368,773,0
368,773,0
370,772,0
369,772,0
370,772,0
372,772,0
371,772,0
372,772,0
374,771,0
373,771,0
374,771,0
375,770,0
375,770,0
377,769,0
376,769,0
377,769,0
379,768,0
378,768,0
379,768,0
381,767,0
380,767,0
381,767,0
382,766,0
382,766,0
383,764,0
383,765,0
383,764,0
385,763,0
384,763,0
385,763,0
386,761,0
386,762,0
386,761,0
387,760,0
387,760,0
389,759,0
388,759,0
389,759,0
391,758,0
390,758,0
391,758,0
392,757,0
392,757,0
394,755,0
393,756,0
394,755,0
395,754,0
395,754,0
397,753,0
396,753,0
397,753,0
398,752,0
398,752,0
400,750,0
399,751,0
400,750,0
401,749,0
401,749,0
403,747,0
402,748,0
403,747,0
404,746,0
404,746,0
406,745,0
405,745,0
406,745,0
407,744,0
407,744,0
409,743,0
408,743,0
409,743,0
411,742,0
410,742,0
411,742,0
412,741,0
412,741,0
414,739,0
413,740,0
414,739,0
415,738,0
415,738,0
417,736,0
416,737,0
417,736,0
418,735,0
418,735,0
420,734,0
419,734,0
420,734,0
421,733,0
421,733,0
423,731,0
422,732,0
423,731,0
425,730,0
424,730,0
425,730,0
426,729,0
426,729,0
428,728,0
427,728,0
428,728,0
429,727,0
429,727,0
430,725,0
430,726,0
430,725,0
432,723,0
431,724,0
432,723,0
433,722,0
433,722,0
435,721,0
434,721,0
435,721,0
436,719,0
436,720,0
436,719,0
436,717,0
436,718,0
436,717,0
437,715,0
437,716,0
437,715,0
439,714,0
438,714,0
439,714,0
441,713,0
440,713,0
441,713,0
443,712,0
442,712,0
443,712,0
444,711,0
444,711,0
444,709,0
444,710,0
444,709,0
445,707,0
445,708,0
445,707,0
446,705,0
446,706,0
446,705,0
448,704,0
447,704,0
448,704,0
450,703,0
449,703,0
450,703,0
450,702,0
450,702,0
451,699,0
451,701,0
451,700,0
451,699,0
451,697,0
451,698,0
451,697,0
451,695,0
451,696,0
451,695,0
452,693,0
452,694,0
452,693,0
453,692,0
453,692,0
453,689,0
453,691,0
453,690,0
453,689,0
453,687,0
453,688,0
453,687,0
453,684,0
453,686,0
453,685,0
453,684,0
454,683,0
454,683,0
455,682,0
455,682,0
457,682,0
456,682,0
457,682,0
458,681,0
458,681,0
459,678,0
459,680,0
459,679,0
459,678,0
459,676,0
459,677,0
459,676,0
460,674,0
460,675,0
460,674,0
460,672,0
460,673,0
460,672,0
460,670,0
460,671,0
460,670,0
461,668,0
461,669,0
461,668,0
461,666,0
461,667,0
461,666,0
461,664,0
461,665,0
461,664,0
462,662,0
462,663,0
462,662,0
463,660,0
463,661,0
463,660,0
465,660,0
464,660,0
465,660,0
467,660,0
466,660,0
467,660,0
469,660,0
468,660,0
469,660,0
471,660,0
470,660,0
471,660,0
473,660,0
472,660,0
473,660,0
475,660,0
474,660,0
475,660,0
477,660,0
476,660,0
477,660,0
479,660,0
478,660,0
479,660,0
480,659,0
480,659,0
482,658,0
481,658,0
482,658,0
484,658,0
483,658,0
484,658,0
486,658,0
485,658,0
486,658,0
488,658,0
487,658,0
488,658,0
490,658,0
489,658,0
490,658,0
492,658,0
491,658,0
492,658,0
494,658,0
493,658,0
494,658,0
496,659,0
495,659,0
496,659,0
498,659,0
497,659,0
498,659,0
500,659,0
499,659,0
500,659,0
502,659,0
501,659,0
502,659,0
504,659,0
503,659,0
504,659,0
506,659,0
505,659,0
506,659,0
508,659,0
507,659,0
508,659,0
510,658,0
509,658,0
510,658,0
512,658,0
511,658,0
512,658,0
514,659,0
513,659,0
514,659,0
516,659,0
515,659,0
516,659,0
518,659,0
517,659,0
518,659,0
520,659,0
519,659,0
520,659,0
522,659,0
521,659,0
522,659,0
524,659,0
523,659,0
524,659,0
526,659,0
525,659,0
526,659,0
528,659,0
527,659,0
528,659,0
530,659,0
529,659,0
530,659,0
531,658,0
531,658,0
533,658,0
532,658,0
533,658,0
535,658,0
534,658,0
535,658,0
537,658,0
536,658,0
537,658,0
539,658,0
538,658,0
539,658,0
541,658,0
540,658,0
541,658,0
543,658,0
542,658,0
543,658,0
545,658,0
544,658,0
545,658,0
547,658,0
546,658,0
547,658,0
549,657,0
548,657,0
549,657,0
551,657,0
550,657,0
551,657,0
553,657,0
552,657,0
553,657,0
555,657,0
554,657,0
555,657,0
557,657,0
556,657,0
557,657,0
559,657,0
558,657,0
559,657,0
561,657,0
560,657,0
561,657,0
562,658,0
562,658,0
564,659,0
563,659,0
564,659,0
565,660,0
565,660,0
565,661,0
565,661,0
566,662,0
566,662,0
566,664,0
566,663,0
566,664,0
567,666,0
567,665,0
567,666,0
567,668,0
567,667,0
567,668,0
567,670,0
567,669,0
567,670,0
567,672,0
567,671,0
567,672,0
566,674,0
566,673,0
566,674,0
566,677,0
566,675,0
566,676,0
566,677,0
565,679,0
565,678,0
565,679,0
565,682,0
565,680,0
565,681,0
565,682,0
564,684,0
564,683,0
564,684,0
564,687,0
564,685,0
564,686,0
564,687,0
563,690,0
563,688,0
563,689,0
563,690,0
563,692,0
563,691,0
563,692,0
562,695,0
562,693,0
562,694,0
562,695,0
562,698,0
562,696,0
562,697,0
562,698,0
562,700,0
562,699,0
562,700,0
561,703,0
561,701,0
561,702,0
561,703,0
561,705,0
561,704,0
561,705,0
561,707,0
561,706,0
561,707,0
561,709,0
561,708,0
561,709,0
561,712,0
561,710,0
561,711,0
561,712,0
561,714,0
561,713,0
561,714,0
562,715,0
562,715,0
562,717,0
562,716,0
562,717,0
563,719,0
563,718,0
563,719,0
563,721,0
563,720,0
563,721,0
564,723,0
564,722,0
564,723,0
565,725,0
565,724,0
565,725,0
565,727,0
565,726,0
565,727,0
566,729,0
566,728,0
566,729,0
567,730,0
567,730,0
568,732,0
568,731,0
568,732,0
569,734,0
569,733,0
569,734,0
570,736,0
570,735,0
570,736,0
570,738,0
570,737,0
570,738,0
571,740,0
571,739,0
571,740,0
572,741,0
572,741,0
574,743,0
573,742,0
574,743,0
575,744,0
575,744,0
576,746,0
576,745,0
576,746,0
577,747,0
577,747,0
579,749,0
578,748,0
579,749,0
580,750,0
580,750,0
582,752,0
581,751,0
582,752,0
583,753,0
583,753,0
585,755,0
584,754,0
585,755,0
586,756,0
586,756,0
587,757,0
587,757,0
588,759,0
588,758,0
588,759,0
590,761,0
589,760,0
590,761,0
591,762,0
591,762,0
593,763,0
592,763,0
593,763,0
594,764,0
594,764,0
596,766,0
595,765,0
596,766,0
597,767,0
597,767,0
599,768,0
598,768,0
599,768,0
600,769,0
600,769,0
602,771,0
601,770,0
602,771,0
604,772,0
603,772,0
604,772,0
605,773,0
605,773,0
607,774,0
606,774,0
607,774,0
609,775,0
608,775,0
609,775,0
611,776,0
610,776,0
611,776,0
612,777,0
612,777,0
614,777,0
613,777,0
614,777,0
616,777,0
615,777,0
616,777,0
618,779,0
617,778,0
618,779,0
620,779,0
619,779,0
620,779,0
621,780,0
621,780,0
623,782,0
622,781,0
623,782,0
625,783,0
624,783,0
625,783,0
626,784,0
626,784,0
628,785,0
627,785,0
628,785,0
630,785,0
629,785,0
630,785,0
632,785,0
631,785,0
632,785,0
633,786,0
633,786,0
635,787,0
634,787,0
635,787,0
637,787,0
636,787,0
637,787,0
639,787,0
638,787,0
639,787,0
641,788,0
640,788,0
641,788,0
643,789,0
642,789,0
643,789,0
644,790,0
644,790,0
646,791,0
645,791,0
646,791,0
648,792,0
647,792,0
648,792,0
650,792,0
649,792,0
650,792,0
652,792,0
651,792,0
652,792,0
654,793,0
653,793,0
654,793,0
656,793,0
655,793,0
656,793,0
658,794,0
657,794,0
658,794,0
660,794,0
659,794,0
660,794,0
662,794,0
661,794,0
662,794,0
663,795,0
663,795,0
665,795,0
664,795,0
665,795,0
667,795,0
666,795,0
667,795,0
669,796,0
668,796,0
669,796,0
671,796,0
670,796,0
671,796,0
673,796,0
672,796,0
673,796,0
675,797,0
674,797,0
675,797,0
677,797,0
676,797,0
677,797,0
679,797,0
678,797,0
679,797,0
681,798,0
680,798,0
681,798,0
683,798,0
682,798,0
683,798,0
685,798,0
684,798,0
685,798,0
687,798,0
686,798,0
687,798,0
688,799,0
688,799,0
690,799,0
689,799,0
690,799,0
692,800,0
691,800,0
692,800,0
694,801,0
693,801,0
694,801,0
696,801,0
695,801,0
696,801,0
698,801,0
697,801,0
698,801,0
700,802,0
699,802,0
700,802,0
702,802,0
701,802,0
702,802,0
704,803,0
703,803,0
704,803,0
706,803,0
705,803,0
706,803,0
708,803,0
707,803,0
708,803,0
709,804,0
709,804,0
711,804,0
710,804,0
711,804,0
713,804,0
712,804,0
713,804,0
715,805,0
714,805,0
715,805,0
717,805,0
716,805,0
717,805,0
719,805,0
718,805,0
719,805,0
721,805,0
720,805,0
721,805,0
723,806,0
722,806,0
723,806,0
725,806,0
724,806,0
725,806,0
727,806,0
726,806,0
727,806,0
729,807,0
728,807,0
729,807,0
731,807,0
730,807,0
731,807,0
733,807,0
732,807,0
733,807,0
735,807,0
734,807,0
735,807,0
737,807,0
736,807,0
737,807,0
739,807,0
738,807,0
739,807,0
741,807,0
740,807,0
741,807,0
743,808,0
742,808,0
743,808,0
745,808,0
744,808,0
745,808,0
747,808,0
746,808,0
747,808,0
748,809,0
748,809,0
750,809,0
749,809,0
750,809,0
752,809,0
751,809,0
752,809,0
754,809,0
753,809,0
754,809,0
756,809,0
755,809,0
756,809,0
758,809,0
757,809,0
758,809,0
760,809,0
759,809,0
760,809,0
762,809,0
761,809,0
762,809,0
764,809,0
763,809,0
764,809,0
766,809,0
765,809,0
766,809,0
768,809,0
767,809,0
768,809,0
770,809,0
769,809,0
770,809,0
772,809,0
771,809,0
772,809,0
774,809,0
773,809,0
774,809,0
776,809,0
775,809,0
776,809,0
778,810,0
777,810,0
778,810,0
780,810,0
779,810,0
780,810,0
782,810,0
781,810,0
782,810,0
784,811,0
783,811,0
784,811,0
786,811,0
785,811,0
786,811,0
788,811,0
787,811,0
788,811,0
790,811,0
789,811,0
790,811,0
792,811,0
791,811,0
792,811,0
794,811,0
793,811,0
794,811,0
796,812,0
795,812,0
796,812,0
798,812,0
797,812,0
798,812,0
800,812,0
799,812,0
800,812,0
802,812,0
801,812,0
802,812,0
804,812,0
803,812,0
804,812,0
806,812,0
805,812,0
806,812,0
808,812,0
807,812,0
808,812,0
810,812,0
809,812,0
810,812,0
812,812,0
811,812,0
812,812,0
814,812,0
813,812,0
814,812,0
816,812,0
815,812,0
816,812,0
818,812,0
817,812,0
818,812,0
820,812,0
819,812,0
820,812,0
822,812,0
821,812,0
822,812,0
824,813,0
823,813,0
824,813,0
826,813,0
825,813,0
826,813,0
828,813,0
827,813,0
828,813,0
830,813,0
829,813,0
830,813,0
832,813,0
831,813,0
832,813,0
834,813,0
833,813,0
834,813,0
836,814,0
835,814,0
836,814,0
837,814,0
837,814,0
839,814,0
838,814,0
839,814,0
841,814,0
840,814,0
841,814,0
843,814,0
842,814,0
843,814,0
845,814,0
844,814,0
845,814,0
847,814,0
846,814,0
847,814,0
850,814,0
848,814,0
849,814,0
850,814,0
851,815,0
851,815,0
853,815,0
852,815,0
853,815,0
855,815,0
854,815,0
855,815,0
857,816,0
856,816,0
857,816,0
859,816,0
858,816,0
859,816,0
861,816,0
860,816,0
861,816,0
863,816,0
862,816,0
863,816,0
865,816,0
864,816,0
865,816,0
867,817,0
866,817,0
867,817,0
869,817,0
868,817,0
869,817,0
871,817,0
870,817,0
871,817,0
873,817,0
872,817,0
873,817,0
875,817,0
874,817,0
875,817,0
877,817,0
876,817,0
877,817,0
879,818,0
878,818,0
879,818,0
881,818,0
880,818,0
881,818,0
883,818,0
882,818,0
883,818,0
885,818,0
884,818,0
885,818,0
887,818,0
886,818,0
887,818,0
889,818,0
888,818,0
889,818,0
891,818,0
890,818,0
891,818,0
892,819,0
892,819,0
894,819,0
893,819,0
894,819,0
896,820,0
895,820,0
896,820,0
898,820,0
897,820,0
898,820,0
900,820,0
899,820,0
900,820,0
902,820,0
901,820,0
902,820,0
904,820,0
903,820,0
904,820,0
906,821,0
905,821,0
906,821,0
908,821,0
907,821,0
908,821,0
910,821,0
909,821,0
910,821,0
912,821,0
911,821,0
912,821,0
914,821,0
913,821,0
914,821,0
916,821,0
915,821,0
916,821,0
918,821,0
917,821,0
918,821,0
920,821,0
919,821,0
920,821,0
922,821,0
921,821,0
922,821,0
924,822,0
923,822,0
924,822,0
926,821,0
925,821,0
926,821,0
928,821,0
927,821,0
928,821,0
930,821,0
929,821,0
930,821,0
932,821,0
931,821,0
932,821,0
934,821,0
933,821,0
934,821,0
936,821,0
935,821,0
936,821,0
938,821,0
937,821,0
938,821,0
940,821,0
939,821,0
940,821,0
942,821,0
941,821,0
942,821,0
944,821,0
943,821,0
944,821,0
946,821,0
945,821,0
946,821,0
948,821,0
947,821,0
948,821,0
949,820,0
949,820,0
952,820,0
950,820,0
951,820,0
952,820,0
954,820,0
953,820,0
954,820,0
956,820,0
955,820,0
956,820,0
958,820,0
957,820,0
958,820,0
959,820,0
959,820,0
961,819,0
960,819,0
961,819,0
963,819,0
962,819,0
963,819,0
965,819,0
964,819,0
965,819,0
967,819,0
966,819,0
967,819,0
969,819,0
968,819,0
969,819,0
971,819,0
970,819,0
971,819,0
973,818,0
972,818,0
973,818,0
975,818,0
974,818,0
975,818,0
977,818,0
976,818,0
977,818,0
979,818,0
978,818,0
979,818,0
981,818,0
980,818,0
981,818,0
983,818,0
982,818,0
983,818,0
985,817,0
984,817,0
985,817,0
987,817,0
986,817,0
987,817,0
989,817,0
988,817,0
989,817,0
991,817,0
990,817,0
991,817,0
993,816,0
992,816,0
993,816,0
995,816,0
994,816,0
995,816,0
996,815,0
996,815,0
998,815,0
997,815,0
998,815,0
1000,814,0
999,814,0
1000,814,0
1001,813,0
1001,813,0
1003,812,0
1002,812,0
1003,812,0
1004,810,0
1004,811,0
1004,810,0
1005,809,0
1005,809,0
1007,808,0
1006,808,0
1007,808,0
1008,806,0
1008,807,0
1008,806,0
1009,804,0
1009,805,0
1009,804,0
1010,803,0
1010,803,0
1011,801,0
1011,802,0
1011,801,0
1012,799,0
1012,800,0
1012,799,0
1013,797,0
1013,798,0
1013,797,0
1014,795,0
1014,796,0
1014,795,0
1015,793,0
1015,794,0
1015,793,0
1015,791,0
1015,792,0
1015,791,0
1016,788,0
1016,790,0
1016,789,0
1016,788,0
1016,786,0
1016,787,0
1016,786,0
1017,784,0
1017,785,0
1017,784,0
1017,781,0
1017,783,0
1017,782,0
1017,781,0
1018,779,0
1018,780,0
1018,779,0
1018,776,0
1018,778,0
1018,777,0
1018,776,0
1018,774,0
1018,775,0
1018,774,0
1019,771,0
1019,773,0
1019,772,0
1019,771,0
1019,768,0
1019,770,0
1019,769,0
1019,768,0
1019,766,0
1019,767,0
1019,766,0
1019,763,0
1019,765,0
1019,764,0
1019,763,0
1019,760,0
1019,762,0
1019,761,0
1019,760,0
1019,758,0
1019,759,0
1019,758,0
1019,755,0
1019,757,0
1019,756,0
1019,755,0
1019,752,0
1019,754,0
1019,753,0
1019,752,0
1018,749,0
1018,751,0
1018,750,0
1018,749,0
1018,747,0
1018,748,0
1018,747,0
1018,744,0
1018,746,0
1018,745,0
1018,744,0
1017,741,0
1017,743,0
1017,742,0
1017,741,0
1017,739,0
1017,740,0
1017,739,0
1017,736,0
1017,738,0
1017,737,0
1017,736,0
1016,733,0
1016,735,0
1016,734,0
1016,733,0
1015,731,0
1015,732,0
1015,731,0
1015,728,0
1015,730,0
1015,729,0
1015,728,0
1014,726,0
1014,727,0
1014,726,0
1013,723,0
1013,725,0
1013,724,0
1013,723,0
1012,721,0
1012,722,0
1012,721,0
1012,719,0
1012,720,0
1012,719,0
1011,716,0
1011,718,0
1011,717,0
1011,716,0
1010,714,0
1010,715,0
1010,714,0
1009,712,0
1009,713,0
1009,712,0
1008,710,0
1008,711,0
1008,710,0
1006,708,0
1007,709,0
1006,708,0
1005,706,0
1005,707,0
1005,706,0
1004,704,0
1004,705,0
1004,704,0
1003,702,0
1003,703,0
1003,702,0
1001,700,0
1002,701,0
1001,700,0
1000,699,0
1000,699,0
999,697,0
999,698,0
999,697,0
997,696,0
998,696,0
997,696,0
996,694,0
996,695,0
996,694,0
994,693,0
995,693,0
994,693,0
992,693,0
993,693,0
992,693,0
991,693,0
991,693,0
993,693,0
992,693,0
993,693,0
996,693,0
994,693,0
995,693,0
996,693,0
998,694,0
997,694,0
998,694,0
1000,694,0
999,694,0
1000,694,0
1002,694,0
1001,694,0
1002,694,0
1004,694,0
1003,694,0
1004,694,0
1006,694,0
1005,694,0
1006,694,0
1008,694,0
1007,694,0
1008,694,0
1010,694,0
1009,694,0
1010,694,0
1012,694,0
1011,694,0
1012,694,0
1014,694,0
1013,694,0
1014,694,0
1016,694,0
1015,694,0
1016,694,0
1018,694,0
1017,694,0
1018,694,0
1020,694,0
1019,694,0
1020,694,0
1022,694,0
1021,694,0
1022,694,0
1024,694,0
1023,694,0
1024,694,0
1026,694,0
1025,694,0
1026,694,0
1028,694,0
1027,694,0
1028,694,0
1030,694,0
1029,694,0
1030,694,0
1032,694,0
1031,694,0
1032,694,0
1034,694,0
1033,694,0
1034,694,0
1036,694,0
1035,694,0
1036,694,0
1038,694,0
1037,694,0
1038,694,0
1040,694,0
1039,694,0
1040,694,0
1042,694,0
1041,694,0
1042,694,0
1044,694,0
1043,694,0
1044,694,0
1046,694,0
1045,694,0
1046,694,0
1048,694,0
1047,694,0
1048,694,0
1050,694,0
1049,694,0
1050,694,0
1052,693,0
1051,693,0
1052,693,0
1054,693,0
1053,693,0
1054,693,0
1056,693,0
1055,693,0
1056,693,0
1058,693,0
1057,693,0
1058,693,0
1060,693,0
1059,693,0
1060,693,0
1062,693,0
1061,693,0
1062,693,0
1064,693,0
1063,693,0
1064,693,0
1066,693,0
1065,693,0
1066,693,0
1068,694,0
1067,694,0
1068,694,0
1070,694,0
1069,694,0
1070,694,0
1072,694,0
1071,694,0
1072,694,0
1074,694,0
1073,694,0
1074,694,0
1076,694,0
1075,694,0
1076,694,0
1078,694,0
1077,694,0
1078,694,0
1080,694,0
1079,694,0
1080,694,0
1082,694,0
1081,694,0
1082,694,0
1084,694,0
1083,694,0
1084,694,0
1086,694,0
1085,694,0
1086,694,0
1087,693,0
1087,693,0
1089,693,0
1088,693,0
1089,693,0
1091,693,0
1090,693,0
1091,693,0
1093,693,0
1092,693,0
1093,693,0
1095,693,0
1094,693,0
1095,693,0
1097,693,0
1096,693,0
1097,693,0
1099,693,0
1098,693,0
1099,693,0
1101,693,0
1100,693,0
1101,693,0
1103,693,0
1102,693,0
1103,693,0
1105,693,0
1104,693,0
1105,693,0
1107,693,0
1106,693,0
1107,693,0
1109,693,0
1108,693,0
1109,693,0
1111,693,0
1110,693,0
1111,693,0
1113,693,0
1112,693,0
1113,693,0
1116,693,0
1114,693,0
1115,693,0
1116,693,0
1118,693,0
1117,693,0
1118,693,0
1120,693,0
1119,693,0
1120,693,0
1122,693,0
1121,693,0
1122,693,0
1124,693,0
1123,693,0
1124,693,0
1126,693,0
1125,693,0
1126,693,0
1128,693,0
1127,693,0
1128,693,0
1130,693,0
1129,693,0
1130,693,0
1132,693,0
1131,693,0
1132,693,0
1134,693,0
1133,693,0
1134,693,0
1136,693,0
1135,693,0
1136,693,0
1137,692,0
1137,692,0
1139,692,0
1138,692,0
1139,692,0
1141,691,0
1140,691,0
1141,691,0
1143,691,0
1142,691,0
1143,691,0
1145,691,0
1144,691,0
1145,691,0
1147,691,0
1146,691,0
1147,691,0
1149,691,0
1148,691,0
1149,691,0
1151,691,0
1150,691,0
1151,691,0
1153,691,0
1152,691,0
1153,691,0
1155,691,0
1154,691,0
1155,691,0
1157,691,0
1156,691,0
1157,691,0
1159,690,0
1158,690,0
1159,690,0
1161,690,0
1160,690,0
1161,690,0
1163,690,0
1162,690,0
1163,690,0
1165,690,0
1164,690,0
1165,690,0
1167,690,0
1166,690,0
1167,690,0
1169,690,0
1168,690,0
1169,690,0
1171,690,0
1170,690,0
1171,690,0
1173,690,0
1172,690,0
1173,690,0
1175,690,0
1174,690,0
1175,690,0
1177,689,0
1176,689,0
1177,689,0
1179,689,0
1178,689,0
1179,689,0
1181,689,0
1180,689,0
1181,689,0
1183,689,0
1182,689,0
1183,689,0
1185,689,0
1184,689,0
1185,689,0
1187,689,0
1186,689,0
1187,689,0
1189,689,0
1188,689,0
1189,689,0
1191,689,0
1190,689,0
1191,689,0
1193,689,0
1192,689,0
1193,689,0
1195,689,0
1194,689,0
1195,689,0
1197,689,0
1196,689,0
1197,689,0
1199,688,0
1198,688,0
1199,688,0
1200,689,0
1200,689,0
1202,689,0
1201,689,0
1202,689,0
1204,689,0
1203,689,0
1204,689,0
1206,690,0
1205,690,0
1206,690,0
1208,690,0
1207,690,0
1208,690,0
1210,690,0
1209,690,0
1210,690,0
1212,690,0
1211,690,0
1212,690,0
1214,690,0
1213,690,0
1214,690,0
1216,690,0
1215,690,0
1216,690,0
1218,690,0
1217,690,0
1218,690,0
1220,690,0
1219,690,0
1220,690,0
1222,690,0
1221,690,0
1222,690,0
1223,691,0
1223,691,0
1224,692,0
1224,692,0
1225,693,0
1225,693,0
1226,695,0
1226,694,0
1226,695,0
1226,696,0
1226,696,0
1227,698,0
1227,697,0
1227,698,0
1227,700,0
1227,699,0
1227,700,0
1226,703,0
1226,701,0
1226,702,0
1226,703,0
1226,705,0
1226,704,0
1226,705,0
1226,707,0
1226,706,0
1226,707,0
1225,710,0
1225,708,0
1225,709,0
1225,710,0
1225,713,0
1225,711,0
1225,712,0
1225,713,0
1224,715,0
1224,714,0
1224,715,0
1224,718,0
1224,716,0
1224,717,0
1224,718,0
1223,721,0
1223,719,0
1223,720,0
1223,721,0
1223,723,0
1223,722,0
1223,723,0
1222,726,0
1222,724,0
1222,725,0
1222,726,0
1222,728,0
1222,727,0
1222,728,0
1222,731,0
1222,729,0
1222,730,0
1222,731,0
1222,733,0
1222,732,0
1222,733,0
1222,735,0
1222,734,0
1222,735,0
1222,737,0
1222,736,0
1222,737,0
1222,739,0
1222,738,0
1222,739,0
1223,741,0
1223,740,0
1223,741,0
1223,742,0
1223,742,0
1224,744,0
1224,743,0
1224,744,0
1225,746,0
1225,745,0
1225,746,0
1226,748,0
1226,747,0
1226,748,0
1226,750,0
1226,749,0
1226,750,0
1227,752,0
1227,751,0
1227,752,0
1227,754,0
1227,753,0
1227,754,0
1228,755,0
1228,755,0
1230,757,0
1229,756,0
1230,757,0
1231,758,0
1231,758,0
1232,760,0
1232,759,0
1232,760,0
1233,762,0
1233,761,0
1233,762,0
1235,763,0
1234,763,0
1235,763,0
1237,764,0
1236,764,0
1237,764,0
1239,764,0
1238,764,0
1239,764,0
1241,764,0
1240,764,0
1241,764,0
1243,765,0
1242,765,0
1243,765,0
1244,765,0
1244,765,0
1246,766,0
1245,766,0
1246,766,0
1248,766,0
1247,766,0
1248,766,0
1250,766,0
1249,766,0
1250,766,0
1252,766,0
1251,766,0
1252,766,0
1254,765,0
1253,765,0
1254,765,0
1256,765,0
1255,765,0
1256,765,0
1258,765,0
1257,765,0
1258,765,0
1260,764,0
1259,764,0
1260,764,0
1262,764,0
1261,764,0
1262,764,0
1264,763,0
1263,763,0
1264,763,0
1266,763,0
1265,763,0
1266,763,0
1267,762,0
1267,762,0
1269,762,0
1268,762,0
1269,762,0
1271,761,0
1270,761,0
1271,761,0
1273,761,0
1272,761,0
1273,761,0
1275,760,0
1274,760,0
1275,760,0
1277,760,0
1276,760,0
1277,760,0
1279,759,0
1278,759,0
1279,759,0
1280,758,0
1280,758,0
1282,757,0
1281,757,0
1282,757,0
1284,755,0
1283,756,0
1284,755,0
1285,754,0
1285,754,0
1286,753,0
1286,753,0
1288,751,0
1287,752,0
1288,751,0
1289,750,0
1289,750,0
1291,748,0
1290,749,0
1291,748,0
1292,747,0
1292,747,0
1294,745,0
1293,746,0
1294,745,0
1295,744,0
1295,744,0
1296,743,0
1296,743,0
1297,741,0
1297,742,0
1297,741,0
1299,739,0
1298,740,0
1299,739,0
1300,738,0
1300,738,0
1301,736,0
1301,737,0
1301,736,0
1302,735,0
1302,735,0
1303,733,0
1303,734,0
1303,733,0
1304,731,0
1304,732,0
1304,731,0
1304,729,0
1304,730,0
1304,729,0
1305,727,0
1305,728,0
1305,727,0
1306,726,0
1306,726,0
1307,724,0
1307,725,0
1307,724,0
1308,722,0
1308,723,0
1308,722,0
1309,720,0
1309,721,0
1309,720,0
1310,719,0
1310,719,0
1311,717,0
1311,718,0
1311,717,0
1311,715,0
1311,716,0
1311,715,0
1312,713,0
1312,714,0
1312,713,0
1313,712,0
1313,712,0
1313,709,0
1313,711,0
1313,710,0
1313,709,0
1314,708,0
1314,708,0
1314,706,0
1314,707,0
1314,706,0
1315,704,0
1315,705,0
1315,704,0
1315,702,0
1315,703,0
1315,702,0
1315,700,0
1315,701,0
1315,700,0
1316,698,0
1316,699,0
1316,698,0
1316,696,0
1316,697,0
1316,696,0
1316,694,0
1316,695,0
1316,694,0
1317,692,0
1317,693,0
1317,692,0
1317,690,0
1317,691,0
1317,690,0
1317,688,0
1317,689,0
1317,688,0
1317,686,0
1317,687,0
1317,686,0
1318,684,0
1318,685,0
1318,684,0
1318,683,0
1318,683,0
1318,681,0
1318,682,0
1318,681,0
1318,679,0
1318,680,0
1318,679,0
1318,676,0
1318,678,0
1318,677,0
1318,676,0
1318,674,0
1318,675,0
1318,674,0
1318,672,0
1318,673,0
1318,672,0
1317,670,0
1317,671,0
1317,670,0
1317,668,0
1317,669,0
1317,668,0
1317,666,0
1317,667,0
1317,666,0
1317,664,0
1317,665,0
1317,664,0
1316,662,0
1316,663,0
1316,662,0
1316,660,0
1316,661,0
1316,660,0
1316,658,0
1316,659,0
1316,658,0
1316,655,0
1316,657,0
1316,656,0
1316,655,0
1316,653,0
1316,654,0
1316,653,0
1315,651,0
1315,652,0
1315,651,0
1315,649,0
1315,650,0
1315,649,0
1315,647,0
1315,648,0
1315,647,0
1315,645,0
1315,646,0
1315,645,0
1315,643,0
1315,644,0
1315,643,0
1316,641,0
1316,642,0
1316,641,0
1316,639,0
1316,640,0
1316,639,0
1316,637,0
1316,638,0
1316,637,0
1317,636,0
1317,636,0
1317,634,0
1317,635,0
1317,634,0
1318,632,0
1318,633,0
1318,632,0
1319,630,0
1319,631,0
1319,630,0
1320,629,0
1320,629,0
1320,627,0
1320,628,0
1320,627,0
1322,626,0
1321,626,0
1322,626,0
1324,625,0
1323,625,0
1324,625,0
1324,623,0
1324,624,0
1324,623,0
1324,621,0
1324,622,0
1324,621,0
1324,619,0
1324,620,0
1324,619,0
1324,617,0
1324,618,0
1324,617,0
1324,615,0
1324,616,0
1324,615,0
1325,613,0
1325,614,0
1325,613,0
1325,611,0
1325,612,0
1325,611,0
1325,609,0
1325,610,0
1325,609,0
1325,607,0
1325,608,0
1325,607,0
1326,606,0
1326,606,0
1326,604,0
1326,605,0
1326,604,0
1326,602,0
1326,603,0
1326,602,0
1326,600,0
1326,601,0
1326,600,0
1326,598,0
1326,599,0
1326,598,0
1327,596,0
1327,597,0
1327,596,0
1327,594,0
1327,595,0
1327,594,0
1327,592,0
1327,593,0
1327,592,0
1327,590,0
1327,591,0
1327,590,0
1327,588,0
1327,589,0
1327,588,0
1327,586,0
1327,587,0
1327,586,0
1327,584,0
1327,585,0
1327,584,0
1327,582,0
1327,583,0
1327,582,0
1327,580,0
1327,581,0
1327,580,0
1328,578,0
1328,579,0
1328,578,0
1328,576,0
1328,577,0
1328,576,0
1328,574,0
1328,575,0
1328,574,0
1328,572,0
1328,573,0
1328,572,0
1328,570,0
1328,571,0
1328,570,0
1327,568,0
1327,569,0
1327,568,0
1327,566,0
1327,567,0
1327,566,0
1327,564,0
1327,565,0
1327,564,0
1327,562,0
1327,563,0
1327,562,0
1327,560,0
1327,561,0
1327,560,0
1327,558,0
1327,559,0
1327,558,0
1327,556,0
1327,557,0
1327,556,0
1327,554,0
1327,555,0
1327,554,0
1327,552,0
1327,553,0
1327,552,0
1326,550,0
1326,551,0
1326,550,0
1326,548,0
1326,549,0
1326,548,0
1326,546,0
1326,547,0
1326,546,0
1325,545,0
1325,545,0
1325,543,0
1325,544,0
1325,543,0
1324,541,0
1324,542,0
1324,541,0
1323,539,0
1323,540,0
1323,539,0
1323,537,0
1323,538,0
1323,537,0
1322,536,0
1322,536,0
1321,534,0
1321,535,0
1321,534,0
1320,532,0
1320,533,0
1320,532,0
1319,530,0
1319,531,0
1319,530,0
1318,529,0
1318,529,0
1317,527,0
1317,528,0
1317,527,0
1316,525,0
1316,526,0
1316,525,0
1315,524,0
1315,524,0
1314,522,0
1314,523,0
1314,522,0
1313,520,0
1313,521,0
1313,520,0
1312,518,0
1312,519,0
1312,518,0
1311,516,0
1311,517,0
1311,516,0
1310,515,0
1310,515,0
1308,514,0
1309,514,0
1308,514,0
1307,513,0
1307,513,0
1305,511,0
1306,512,0
1305,511,0
1304,510,0
1304,510,0
1302,508,0
1303,509,0
1302,508,0
1301,507,0
1301,507,0
1299,506,0
1300,506,0
1299,506,0
1298,505,0
1298,505,0
1296,503,0
1297,504,0
1296,503,0
1295,502,0
1295,502,0
1293,501,0
1294,501,0
1293,501,0
1291,500,0
1292,500,0
1291,500,0
1290,499,0
1290,499,0
1288,498,0
1289,498,0
1288,498,0
1286,497,0
1287,497,0
1286,497,0
1284,496,0
1285,496,0
1284,496,0
1282,496,0
1283,496,0
1282,496,0
1281,495,0
1281,495,0
1279,494,0
1280,494,0
1279,494,0
1277,494,0
1278,494,0
1277,494,0
1275,493,0
1276,493,0
1275,493,0
1273,493,0
1274,493,0
1273,493,0
1271,492,0
1272,492,0
1271,492,0
1269,492,0
1270,492,0
1269,492,0
1267,491,0
1268,491,0
1267,491,0
1266,491,0
1266,491,0
1263,491,0
1265,491,0
1264,491,0
1263,491,0
1262,490,0
1262,490,0
1260,490,0
1261,490,0
1260,490,0
1258,490,0
1259,490,0
1258,490,0
1256,489,0
1257,489,0
1256,489,0
1254,489,0
1255,489,0
1254,489,0
1252,489,0
1253,489,0
1252,489,0
1250,489,0
1251,489,0
1250,489,0
1248,489,0
1249,489,0
1248,489,0
1246,490,0
1247,490,0
1246,490,0
1244,491,0
1245,491,0
1244,491,0
1242,491,0
1243,491,0
1242,491,0
1240,491,0
1241,491,0
1240,491,0
1238,491,0
1239,491,0
1238,491,0
1237,492,0
1237,492,0
1236,494,0
1236,493,0
1236,494,0
1235,496,0
1235,495,0
1235,496,0
1234,498,0
1234,497,0
1234,498,0
1233,499,0
1233,499,0
1232,501,0
1232,500,0
1232,501,0
1231,503,0
1231,502,0
1231,503,0
1230,505,0
1230,504,0
1230,505,0
1229,506,0
1229,506,0
1228,508,0
1228,507,0
1228,508,0
1227,510,0
1227,509,0
1227,510,0
1226,511,0
1226,511,0
1225,513,0
1225,512,0
1225,513,0
1224,515,0
1224,514,0
1224,515,0
1222,516,0
1223,516,0
1222,516,0
1221,518,0
1221,517,0
1221,518,0
1221,520,0
1221,519,0
1221,520,0
1220,521,0
1220,521,0
1220,523,0
1220,522,0
1220,523,0
1220,525,0
1220,524,0
1220,525,0
1220,528,0
1220,526,0
1220,527,0
1220,528,0
1220,530,0
1220,529,0
1220,530,0
1220,532,0
1220,531,0
1220,532,0
1221,535,0
1221,533,0
1221,534,0
1221,535,0
1221,537,0
1221,536,0
1221,537,0
1222,540,0
1222,538,0
1222,539,0
1222,540,0
1222,543,0
1222,541,0
1222,542,0
1222,543,0
1223,546,0
1223,544,0
1223,545,0
1223,546,0
1223,548,0
1223,547,0
1223,548,0
1224,551,0
1224,549,0
1224,550,0
1224,551,0
1224,554,0
1224,552,0
1224,553,0
1224,554,0
1225,557,0
1225,555,0
1225,556,0
1225,557,0
1225,559,0
1225,558,0
1225,559,0
1225,561,0
1225,560,0
1225,561,0
1225,563,0
1225,562,0
1225,563,0
1225,565,0
1225,564,0
1225,565,0
1225,567,0
1225,566,0
1225,567,0
1224,569,0
1224,568,0
1224,569,0
1223,570,0
1223,570,0
1222,571,0
1222,571,0
1221,571,0
1221,571,0
1219,571,0
1220,571,0
1219,571,0
1217,571,0
1218,571,0
1217,571,0
1215,572,0
1216,572,0
1215,572,0
1214,573,0
1214,573,0
1212,573,0
1213,573,0
1212,573,0
1210,573,0
1211,573,0
1210,573,0
1208,573,0
1209,573,0
1208,573,0
1206,572,0
1207,572,0
1206,572,0
1204,572,0
1205,572,0
1204,572,0
1202,572,0
1203,572,0
1202,572,0
1200,571,0
1201,571,0
1200,571,0
1198,571,0
1199,571,0
1198,571,0
1196,571,0
1197,571,0
1196,571,0
1194,571,0
1195,571,0
1194,571,0
1192,571,0
1193,571,0
1192,571,0
1190,571,0
1191,571,0
1190,571,0
1189,570,0
1189,570,0
1187,570,0
1188,570,0
1187,570,0
1185,570,0
1186,570,0
1185,570,0
1183,570,0
1184,570,0
1183,570,0
1180,570,0
1182,570,0
1181,570,0
1180,570,0
1178,570,0
1179,570,0
1178,570,0
1177,570,0
1177,570,0
1175,569,0
1176,569,0
1175,569,0
1173,569,0
1174,569,0
1173,569,0
1171,568,0
1172,568,0
1171,568,0
1169,568,0
1170,568,0
1169,568,0
1167,568,0
1168,568,0
1167,568,0
1165,568,0
1166,568,0
1165,568,0
1163,568,0
1164,568,0
1163,568,0
1161,568,0
1162,568,0
1161,568,0
1159,568,0
1160,568,0
1159,568,0
1157,568,0
1158,568,0
1157,568,0
1155,567,0
1156,567,0
1155,567,0
1153,567,0
1154,567,0
1153,567,0
1151,567,0
1152,567,0
1151,567,0
1149,567,0
1150,567,0
1149,567,0
1147,567,0
1148,567,0
1147,567,0
1145,566,0
1146,566,0
1145,566,0
1143,566,0
1144,566,0
1143,566,0
1141,566,0
1142,566,0
1141,566,0
1139,566,0
1140,566,0
1139,566,0
1137,566,0
1138,566,0
1137,566,0
1135,566,0
1136,566,0
1135,566,0
1133,566,0
1134,566,0
1133,566,0
1131,566,0
1132,566,0
1131,566,0
1129,566,0
1130,566,0
1129,566,0
1127,566,0
1128,566,0
1127,566,0
1125,566,0
1126,566,0
1125,566,0
1123,566,0
1124,566,0
1123,566,0
1121,566,0
1122,566,0
1121,566,0
1119,566,0
1120,566,0
1119,566,0
1117,566,0
1118,566,0
1117,566,0
1115,566,0
1116,566,0
1115,566,0
1113,566,0
1114,566,0
1113,566,0
1111,566,0
1112,566,0
1111,566,0
1109,566,0
1110,566,0
1109,566,0
1107,566,0
1108,566,0
1107,566,0
1105,566,0
1106,566,0
1105,566,0
1103,566,0
1104,566,0
1103,566,0
1101,566,0
1102,566,0
1101,566,0
1099,566,0
1100,566,0
1099,566,0
1097,566,0
1098,566,0
1097,566,0
1095,566,0
1096,566,0
1095,566,0
1093,566,0
1094,566,0
1093,566,0
1091,566,0
1092,566,0
1091,566,0
1089,566,0
1090,566,0
1089,566,0
1087,565,0
1088,565,0
1087,565,0
1085,565,0
1086,565,0
1085,565,0
1083,565,0
1084,565,0
1083,565,0
1081,565,0
1082,565,0
1081,565,0
1079,565,0
1080,565,0
1079,565,0
1077,564,0
1078,564,0
1077,564,0
1076,564,0
1076,564,0
1074,564,0
1075,564,0
1074,564,0
1072,564,0
1073,564,0
1072,564,0
1070,564,0
1071,564,0
1070,564,0
1067,564,0
1069,564,0
1068,564,0
1067,564,0
1066,563,0
1066,563,0
1064,563,0
1065,563,0
1064,563,0
1062,563,0
1063,563,0
1062,563,0
1060,563,0
1061,563,0
1060,563,0
1058,563,0
1059,563,0
1058,563,0
1056,563,0
1057,563,0
1056,563,0
1054,562,0
1055,562,0
1054,562,0
1052,562,0
1053,562,0
1052,562,0
1050,562,0
1051,562,0
1050,562,0
1048,562,0
1049,562,0
1048,562,0
1046,562,0
1047,562,0
1046,562,0
1044,562,0
1045,562,0
1044,562,0
1042,562,0
1043,562,0
1042,562,0
1040,561,0
1041,561,0
1040,561,0
1038,561,0
1039,561,0
1038,561,0
1036,561,0
1037,561,0
1036,561,0
1034,561,0
1035,561,0
1034,561,0
1032,561,0
1033,561,0
1032,561,0
1030,561,0
1031,561,0
1030,561,0
1028,561,0
1029,561,0
1028,561,0
1026,561,0
1027,561,0
1026,561,0
1024,562,0
1025,562,0
1024,562,0
1022,561,0
1023,561,0
1022,561,0
1021,561,0
1021,561,0
1019,561,0
1020,561,0
1019,561,0
1017,561,0
1018,561,0
1017,561,0
1015,561,0
1016,561,0
1015,561,0
1013,561,0
1014,561,0
1013,561,0
1011,561,0
1012,561,0
1011,561,0
1009,561,0
1010,561,0
1009,561,0
1007,561,0
1008,561,0
1007,561,0
1005,561,0
1006,561,0
1005,561,0
1003,561,0
1004,561,0
1003,561,0
1001,561,0
1002,561,0
1001,561,0
999,561,0
1000,561,0
999,561,0
997,561,0
998,561,0
997,561,0
995,562,0
996,562,0
995,562,0
993,562,0
994,562,0
993,562,0
991,562,0
992,562,0
991,562,0
989,562,0
990,562,0
989,562,0
987,563,0
988,563,0
987,563,0
985,563,0
986,563,0
985,563,0
983,563,0
984,563,0
983,563,0
981,563,0
982,563,0
981,563,0
980,561,0
980,562,0
980,561,0
979,559,0
979,560,0
979,559,0
978,557,0
978,558,0
978,557,0
977,555,0
977,556,0
977,555,0
976,553,0
976,554,0
976,553,0
975,551,0
975,552,0
975,551,0
975,549,0
975,550,0
975,549,0
974,547,0
974,548,0
974,547,0
974,545,0
974,546,0
974,545,0
973,543,0
973,544,0
973,543,0
973,541,0
973,542,0
973,541,0
973,539,0
973,540,0
973,539,0
973,537,0
973,538,0
973,537,0
973,535,0
973,536,0
973,535,0
973,533,0
973,534,0
973,533,0
973,531,0
973,532,0
973,531,0
973,529,0
973,530,0
973,529,0
973,527,0
973,528,0
973,527,0
973,525,0
973,526,0
973,525,0
973,523,0
973,524,0
973,523,0
974,521,0
974,522,0
974,521,0
974,519,0
974,520,0
974,519,0
974,517,0
974,518,0
974,517,0
975,515,0
975,516,0
975,515,0
975,513,0
975,514,0
975,513,0
975,511,0
975,512,0
975,511,0
976,509,0
976,510,0
976,509,0
976,507,0
976,508,0
976,507,0
977,505,0
977,506,0
977,505,0
977,502,0
977,504,0
977,503,0
977,502,0
977,500,0
977,501,0
977,500,0
978,498,0
978,499,0
978,498,0
978,496,0
978,497,0
978,496,0
978,494,0
978,495,0
978,494,0
979,492,0
979,493,0
979,492,0
979,490,0
979,491,0
979,490,0
979,488,0
979,489,0
979,488,0
979,486,0
979,487,0
979,486,0
980,484,0
980,485,0
980,484,0
980,482,0
980,483,0
980,482,0
980,480,0
980,481,0
980,480,0
980,478,0
980,479,0
980,478,0
980,476,0
980,477,0
980,476,0
980,474,0
980,475,0
980,474,0
980,472,0
980,473,0
980,472,0
979,470,0
979,471,0
979,470,0
979,468,0
979,469,0
979,468,0
979,466,0
979,467,0
979,466,0
978,465,0
978,465,0
978,463,0
978,464,0
978,463,0
977,461,0
977,462,0
977,461,0
976,459,0
976,460,0
976,459,0
976,457,0
976,458,0
976,457,0
975,455,0
975,456,0
975,455,0
974,453,0
974,454,0
974,453,0
972,452,0
973,452,0
972,452,0
971,450,0
971,451,0
971,450,0
970,448,0
970,449,0
970,448,0
969,447,0
969,447,0
967,446,0
968,446,0
967,446,0
966,445,0
966,445,0
964,444,0
965,444,0
964,444,0
962,443,0
963,443,0
962,443,0
960,442,0
961,442,0
960,442,0
958,442,0
959,442,0
958,442,0
956,442,0
957,442,0
956,442,0
954,441,0
955,441,0
954,441,0
953,441,0
953,441,0
951,441,0
952,441,0
951,441,0
948,441,0
950,441,0
949,441,0
948,441,0
947,440,0
947,440,0
945,440,0
946,440,0
945,440,0
943,440,0
944,440,0
943,440,0
941,440,0
942,440,0
941,440,0
939,439,0
940,439,0
939,439,0
937,439,0
938,439,0
937,439,0
935,439,0
936,439,0
935,439,0
933,439,0
934,439,0
933,439,0
931,439,0
932,439,0
931,439,0
929,439,0
930,439,0
929,439,0
927,439,0
928,439,0
927,439,0
925,438,0
926,438,0
925,438,0
923,438,0
924,438,0
923,438,0
921,438,0
922,438,0
921,438,0
919,438,0
920,438,0
919,438,0
917,438,0
918,438,0
917,438,0
915,438,0
916,438,0
915,438,0
913,438,0
914,438,0
913,438,0
911,438,0
912,438,0
911,438,0
909,438,0
910,438,0
909,438,0
907,438,0
908,438,0
907,438,0
905,438,0
906,438,0
905,438,0
903,437,0
904,437,0
903,437,0
901,437,0
902,437,0
901,437,0
899,437,0
900,437,0
899,437,0
897,437,0
898,437,0
897,437,0
895,437,0
896,437,0
895,437,0
893,437,0
894,437,0
893,437,0
891,436,0
892,436,0
891,436,0
890,437,0
890,437,0
888,437,0
889,437,0
888,437,0
886,436,0
887,436,0
886,436,0
884,436,0
885,436,0
884,436,0
882,436,0
883,436,0
882,436,0
880,436,0
881,436,0
880,436,0
878,436,0
879,436,0
878,436,0
876,436,0
877,436,0
876,436,0
874,436,0
875,436,0
874,436,0
872,436,0
873,436,0
872,436,0
870,436,0
871,436,0
870,436,0
868,435,0
869,435,0
868,435,0
866,435,0
867,435,0
866,435,0
864,435,0
865,435,0
864,435,0
862,435,0
863,435,0
862,435,0
860,435,0
861,435,0
860,435,0
858,435,0
859,435,0
858,435,0
856,434,0
857,434,0
856,434,0
854,434,0
855,434,0
854,434,0
852,434,0
853,434,0
852,434,0
850,434,0
851,434,0
850,434,0
848,433,0
849,433,0
848,433,0
847,434,0
847,434,0
845,434,0
846,434,0
845,434,0
843,434,0
844,434,0
843,434,0
841,433,0
842,433,0
841,433,0
839,433,0
840,433,0
839,433,0
837,433,0
838,433,0
837,433,0
835,433,0
836,433,0
835,433,0
833,433,0
834,433,0
833,433,0
831,433,0
832,433,0
831,433,0
829,433,0
830,433,0
829,433,0
827,433,0
828,433,0
827,433,0
825,433,0
826,433,0
825,433,0
823,433,0
824,433,0
823,433,0
821,432,0
822,432,0
821,432,0
819,432,0
820,432,0
819,432,0
817,433,0
818,433,0
817,433,0
815,433,0
816,433,0
815,433,0
813,433,0
814,433,0
813,433,0
812,432,0
812,432,0
810,432,0
811,432,0
810,432,0
808,432,0
809,432,0
808,432,0
806,432,0
807,432,0
806,432,0
804,431,0
805,431,0
804,431,0
802,431,0
803,431,0
802,431,0
800,431,0
801,431,0
800,431,0
798,431,0
799,431,0
798,431,0
796,431,0
797,431,0
796,431,0
794,431,0
795,431,0
794,431,0
792,431,0
793,431,0
792,431,0
790,431,0
791,431,0
790,431,0
788,431,0
789,431,0
788,431,0
786,431,0
787,431,0
786,431,0
784,431,0
785,431,0
784,431,0
782,431,0
783,431,0
782,431,0
780,431,0
781,431,0
780,431,0
778,431,0
779,431,0
778,431,0
776,431,0
777,431,0
776,431,0
774,431,0
775,431,0
774,431,0
772,431,0
773,431,0
772,431,0
770,430,0
771,430,0
770,430,0
768,431,0
769,431,0
768,431,0
766,431,0
767,431,0
766,431,0
764,431,0
765,431,0
764,431,0
762,431,0
763,431,0
762,431,0
760,431,0
761,431,0
760,431,0
758,431,0
759,431,0
758,431,0
756,431,0
757,431,0
756,431,0
754,431,0
755,431,0
754,431,0
752,431,0
753,431,0
752,431,0
750,431,0
751,431,0
750,431,0
748,430,0
749,430,0
748,430,0
746,430,0
747,430,0
746,430,0
744,430,0
745,430,0
744,430,0
742,430,0
743,430,0
742,430,0
740,430,0
741,430,0
740,430,0
738,430,0
739,430,0
738,430,0
736,431,0
737,431,0
736,431,0
734,431,0
735,431,0
734,431,0
732,431,0
733,431,0
732,431,0
730,431,0
731,431,0
730,431,0
728,431,0
729,431,0
728,431,0
727,430,0
727,430,0
725,430,0
726,430,0
725,430,0
723,430,0
724,430,0
723,430,0
721,429,0
722,429,0
721,429,0
719,429,0
720,429,0
719,429,0
717,428,0
718,428,0
717,428,0
715,428,0
716,428,0
715,428,0
713,428,0
714,428,0
713,428,0
711,428,0
712,428,0
711,428,0
709,428,0
710,428,0
709,428,0
707,429,0
708,429,0
707,429,0
705,429,0
706,429,0
705,429,0
703,429,0
704,429,0
703,429,0
701,429,0
702,429,0
701,429,0
699,428,0
700,428,0
699,428,0
698,428,0
698,428,0
695,428,0
697,428,0
696,428,0
695,428,0
693,428,0
694,428,0
693,428,0
691,428,0
692,428,0
691,428,0
690,429,0
690,429,0
688,429,0
689,429,0
688,429,0
686,430,0
687,430,0
686,430,0
684,430,0
685,430,0
684,430,0
682,430,0
683,430,0
682,430,0
680,429,0
681,429,0
680,429,0
678,429,0
679,429,0
678,429,0
676,430,0
677,430,0
676,430,0
675,431,0
675,431,0
673,431,0
674,431,0
673,431,0
671,431,0
672,431,0
671,431,0
669,432,0
670,432,0
669,432,0
667,432,0
668,432,0
667,432,0
665,432,0
666,432,0
665,432,0
663,433,0
664,433,0
663,433,0
661,433,0
662,433,0
661,433,0
659,434,0
660,434,0
659,434,0
657,434,0
658,434,0
657,434,0
655,434,0
656,434,0
655,434,0
653,435,0
654,435,0
653,435,0
652,436,0
652,436,0
650,437,0
651,437,0
650,437,0
648,437,0
649,437,0
648,437,0
647,438,0
647,438,0
645,438,0
646,438,0
645,438,0
643,439,0
644,439,0
643,439,0
641,439,0
642,439,0
641,439,0
639,441,0
640,440,0
639,441,0
638,442,0
638,442,0
636,442,0
637,442,0
636,442,0
634,442,0
635,442,0
634,442,0
632,444,0
633,443,0
632,444,0
631,446,0
631,445,0
631,446,0
630,446,0
630,446,0
628,447,0
629,447,0
628,447,0
626,448,0
627,448,0
626,448,0
624,449,0
625,449,0
624,449,0
623,450,0
623,450,0
621,451,0
622,451,0
621,451,0
620,453,0
620,452,0
620,453,0
618,453,0
619,453,0
618,453,0
616,454,0
617,454,0
616,454,0
615,455,0
615,455,0
613,456,0
614,456,0
613,456,0
611,456,0
612,456,0
611,456,0
609,457,0
610,457,0
609,457,0
608,458,0
608,458,0
606,460,0
607,459,0
606,460,0
605,461,0
605,461,0
603,462,0
604,462,0
603,462,0
601,463,0
602,463,0
601,463,0
600,464,0
600,464,0
598,465,0
599,465,0
598,465,0
596,465,0
597,465,0
596,465,0
595,467,0
595,466,0
595,467,0
594,469,0
594,468,0
594,469,0
594,471,0
594,470,0
594,471,0
593,472,0
593,472,0
591,473,0
592,473,0
591,473,0
590,475,0
590,474,0
590,475,0
589,477,0
589,476,0
589,477,0
589,479,0
589,478,0
589,479,0
588,481,0
588,480,0
588,481,0
587,482,0
587,482,0
586,484,0
586,483,0
586,484,0
585,486,0
585,485,0
585,486,0
585,488,0
585,487,0
585,488,0
585,490,0
585,489,0
585,490,0
584,492,0
584,491,0
584,492,0
584,494,0
584,493,0
584,494,0
583,496,0
583,495,0
583,496,0
582,498,0
582,497,0
582,498,0
582,500,0
582,499,0
582,500,0
581,502,0
581,501,0
581,502,0
581,504,0
581,503,0
581,504,0
580,506,0
580,505,0
580,506,0
580,508,0
580,507,0
580,508,0
580,510,0
580,509,0
580,510,0
580,512,0
580,511,0
580,512,0
579,514,0
579,513,0
579,514,0
579,516,0
579,515,0
579,516,0
579,517,0
579,517,0
578,519,0
578,518,0
578,519,0
577,521,0
577,520,0
577,521,0
577,523,0
577,522,0
577,523,0
577,526,0
577,524,0
577,525,0
577,526,0
577,528,0
577,527,0
577,528,0
577,530,0
577,529,0
577,530,0
576,532,0
576,531,0
576,532,0
574,532,0
575,532,0
574,532,0
572,532,0
573,532,0
572,532,0
571,533,0
571,533,0
571,535,0
571,534,0
571,535,0
570,537,0
570,536,0
570,537,0
570,540,0
570,538,0
570,539,0
570,540,0
571,542,0
571,541,0
571,542,0
571,545,0
571,543,0
571,544,0
571,545,0
572,548,0
572,546,0
572,547,0
572,548,0
573,551,0
573,549,0
573,550,0
573,551,0
573,553,0
573,552,0
573,553,0
574,556,0
574,554,0
574,555,0
574,556,0
574,558,0
574,557,0
574,558,0
575,561,0
575,559,0
575,560,0
575,561,0
575,563,0
575,562,0
575,563,0
576,565,0
576,564,0
576,565,0
576,568,0
576,566,0
576,567,0
576,568,0
576,570,0
576,569,0
576,570,0
576,572,0
576,571,0
576,572,0
576,573,0
576,573,0
576,575,0
576,574,0
576,575,0
575,577,0
575,576,0
575,577,0
575,579,0
575,578,0
575,579,0
574,580,0
574,580,0
573,581,0
573,581,0
572,583,0
572,582,0
572,583,0
570,584,0
571,584,0
570,584,0
568,585,0
569,585,0
568,585,0
566,585,0
567,585,0
566,585,0
564,585,0
565,585,0
564,585,0
562,585,0
563,585,0
562,585,0
560,585,0
561,585,0
560,585,0
558,585,0
559,585,0
558,585,0
556,585,0
557,585,0
556,585,0
554,585,0
555,585,0
554,585,0
552,585,0
553,585,0
552,585,0
550,585,0
551,585,0
550,585,0
548,585,0
549,585,0
548,585,0
546,585,0
547,585,0
546,585,0
544,585,0
545,585,0
544,585,0
542,585,0
543,585,0
542,585,0
540,585,0
541,585,0
540,585,0
538,585,0
539,585,0
538,585,0
536,585,0
537,585,0
536,585,0
534,584,0
535,584,0
534,584,0
532,584,0
533,584,0
532,584,0
530,584,0
531,584,0
530,584,0
528,584,0
529,584,0
528,584,0
526,584,0
527,584,0
526,584,0
524,583,0
525,583,0
524,583,0
523,583,0
523,583,0
521,583,0
522,583,0
521,583,0
518,583,0
520,583,0
519,583,0
518,583,0
516,583,0
517,583,0
516,583,0
514,583,0
515,583,0
514,583,0
513,582,0
513,582,0
511,582,0
512,582,0
511,582,0
509,582,0
510,582,0
509,582,0
507,581,0
508,581,0
507,581,0
505,581,0
506,581,0
505,581,0
503,581,0
504,581,0
503,581,0
501,580,0
502,580,0
501,580,0
499,580,0
500,580,0
499,580,0
498,580,0
498,580,0
497,579,0
497,579,0
496,578,0
496,578,0
495,576,0
495,577,0
495,576,0
495,574,0
495,575,0
495,574,0
495,572,0
495,573,0
495,572,0
496,570,0
496,571,0
496,570,0
496,568,0
496,569,0
496,568,0
497,565,0
497,567,0
497,566,0
497,565,0
497,562,0
497,564,0
497,563,0
497,562,0
498,560,0
498,561,0
498,560,0
498,557,0
498,559,0
498,558,0
498,557,0
498,554,0
498,556,0
498,555,0
498,554,0
498,552,0
498,553,0
498,552,0
498,549,0
498,551,0
498,550,0
498,549,0
498,547,0
498,548,0
498,547,0
497,545,0
497,546,0
497,545,0
497,543,0
497,544,0
497,543,0
496,541,0
496,542,0
496,541,0
496,539,0
496,540,0
496,539,0
496,537,0
496,538,0
496,537,0
495,535,0
495,536,0
495,535,0
495,533,0
495,534,0
495,533,0
494,532,0
494,532,0
492,530,0
493,531,0
492,530,0
491,529,0
491,529,0
490,527,0
490,528,0
490,527,0
489,525,0
489,526,0
489,525,0
489,523,0
489,524,0
489,523,0
488,521,0
488,522,0
488,521,0
487,520,0
487,520,0
486,518,0
486,519,0
486,518,0
485,516,0
485,517,0
485,516,0
484,514,0
484,515,0
484,514,0
483,512,0
483,513,0
483,512,0
482,511,0
482,511,0
481,509,0
481,510,0
481,509,0
480,507,0
480,508,0
480,507,0
479,506,0
479,506,0
478,504,0
478,505,0
478,504,0
477,502,0
477,503,0
477,502,0
476,500,0
476,501,0
476,500,0
475,499,0
475,499,0
473,497,0
474,498,0
473,497,0
472,496,0
472,496,0
471,494,0
471,495,0
471,494,0
470,492,0
470,493,0
470,492,0
469,491,0
469,491,0
468,489,0
468,490,0
468,489,0
467,487,0
467,488,0
467,487,0
466,486,0
466,486,0
464,484,0
465,485,0
464,484,0
463,483,0
463,483,0
461,481,0
462,482,0
461,481,0
460,480,0
460,480,0
459,479,0
459,479,0
457,477,0
458,478,0
457,477,0
456,476,0
456,476,0
454,475,0
455,475,0
454,475,0
452,474,0
453,474,0
452,474,0
451,472,0
451,473,0
451,472,0
450,471,0
450,471,0
448,469,0
449,470,0
448,469,0
447,468,0
447,468,0
445,466,0
446,467,0
445,466,0
444,465,0
444,465,0
442,464,0
443,464,0
442,464,0
440,463,0
441,463,0
440,463,0
439,462,0
439,462,0
437,461,0
438,461,0
437,461,0
435,460,0
436,460,0
435,460,0
434,459,0
434,459,0
432,457,0
433,458,0
432,457,0
431,456,0
431,456,0
429,455,0
430,455,0
429,455,0
427,455,0
428,455,0
427,455,0
425,454,0
426,454,0
425,454,0
424,453,0
424,453,0
422,451,0
423,452,0
422,451,0
420,451,0
421,451,0
420,451,0
418,450,0
419,450,0
418,450,0
416,450,0
417,450,0
416,450,0
415,449,0
415,449,0
413,448,0
414,448,0
413,448,0
411,448,0
412,448,0
411,448,0
409,447,0
410,447,0
409,447,0
407,446,0
408,446,0
407,446,0
405,446,0
406,446,0
405,446,0
404,445,0
404,445,0
402,444,0
403,444,0
402,444,0
400,443,0
401,443,0
400,443,0
398,443,0
399,443,0
398,443,0
396,442,0
397,442,0
396,442,0
394,442,0
395,442,0
394,442,0
392,441,0
393,441,0
392,441,0
391,440,0
391,440,0
389,440,0
390,440,0
389,440,0
387,440,0
388,440,0
387,440,0
385,440,0
386,440,0
385,440,0
383,438,0
384,439,0
383,438,0
381,438,0
382,438,0
381,438,0
379,438,0
380,438,0
379,438,0
377,437,0
378,437,0
377,437,0
375,437,0
376,437,0
375,437,0
374,436,0
374,436,0
372,436,0
373,436,0
372,436,0
370,435,0
371,435,0
370,435,0
368,435,0
369,435,0
368,435,0
366,435,0
367,435,0
366,435,0
364,434,0
365,434,0
364,434,0
362,434,0
363,434,0
362,434,0
360,433,0
361,433,0
360,433,0
358,433,0
359,433,0
358,433,0
356,433,0
357,433,0
356,433,0
354,433,0
355,433,0
354,433,0
352,433,0
353,433,0
352,433,0
350,433,0
351,433,0
350,433,0
348,433,0
349,433,0
348,433,0
346,432,0
347,432,0
346,432,0
344,432,0
345,432,0
344,432,0
343,432,0
343,432,0
342,431,0
342,431,0
341,429,0
341,430,0
341,429,0
341,427,0
341,428,0
341,427,0
341,425,0
341,426,0
341,425,0
342,422,0
342,424,0
342,423,0
342,422,0
342,420,0
342,421,0
342,420,0
342,417,0
342,419,0
342,418,0
342,417,0
342,415,0
342,416,0
342,415,0
342,412,0
342,414,0
342,413,0
342,412,0
341,411,0
341,411,0
340,409,0
340,410,0
340,409,0
340,407,0
340,408,0
340,407,0
339,405,0
339,406,0
339,405,0
338,403,0
338,404,0
338,403,0
336,402,0
337,402,0
336,402,0
335,401,0
335,401,0
334,399,0
334,400,0
334,399,0
332,398,0
333,398,0
332,398,0
330,397,0
331,397,0
330,397,0
328,397,0
329,397,0
328,397,0
326,397,0
327,397,0
326,397,0
324,397,0
325,397,0
324,397,0
322,397,0
323,397,0
322,397,0
320,397,0
321,397,0
320,397,0
318,397,0
319,397,0
318,397,0
316,397,0
317,397,0
316,397,0
314,397,0
315,397,0
314,397,0
312,397,0
313,397,0
312,397,0
310,398,0
311,398,0
310,398,0
308,398,0
309,398,0
308,398,0
306,398,0
307,398,0
306,398,0
304,398,0
305,398,0
304,398,0
302,398,0
303,398,0
302,398,0
300,398,0
301,398,0
300,398,0
298,399,0
299,399,0
298,399,0
296,399,0
297,399,0
296,399,0
294,399,0
295,399,0
294,399,0
291,399,0
293,399,0
292,399,0
291,399,0
289,399,0
290,399,0
289,399,0
287,400,0
288,400,0
287,400,0
285,400,0
286,400,0
285,400,0
283,400,0
284,400,0
283,400,0
281,400,0
282,400,0
281,400,0
279,401,0
280,401,0
279,401,0
277,401,0
278,401,0
277,401,0
275,401,0
276,401,0
275,401,0
273,401,0
274,401,0
273,401,0
271,402,0
272,402,0
271,402,0
268,402,0
270,402,0
269,402,0
268,402,0
266,402,0
267,402,0
266,402,0
264,402,0
265,402,0
264,402,0
262,403,0
263,403,0
262,403,0
260,403,0
261,403,0
260,403,0
258,403,0
259,403,0
258,403,0
256,403,0
257,403,0
256,403,0
254,404,0
255,404,0
254,404,0
252,404,0
253,404,0
252,404,0
250,404,0
251,404,0
250,404,0
248,404,0
249,404,0
248,404,0
246,404,0
247,404,0
246,404,0
243,405,0
245,405,0
244,405,0
243,405,0
241,405,0
242,405,0
241,405,0
239,405,0
240,405,0
239,405,0
237,405,0
238,405,0
237,405,0
235,405,0
236,405,0
235,405,0
233,405,0
234,405,0
233,405,0
231,405,0
232,405,0
231,405,0
229,405,0
230,405,0
229,405,0
227,405,0
228,405,0
227,405,0
225,405,0
226,405,0
225,405,0
223,405,0
224,405,0
223,405,0
221,405,0
222,405,0
221,405,0
219,405,0
220,405,0
219,405,0
217,405,0
218,405,0
217,405,0
215,405,0
216,405,0
215,405,0
213,405,0
214,405,0
213,405,0
211,405,0
212,405,0
211,405,0
209,405,0
210,405,0
209,405,0
207,405,0
208,405,0
207,405,0
205,404,0
206,404,0
205,404,0
203,404,0
204,404,0
203,404,0
201,404,0
202,404,0
201,404,0
199,404,0
200,404,0
199,404,0
197,403,0
198,403,0
197,403,0
195,403,0
196,403,0
195,403,0
193,403,0
194,403,0
193,403,0
191,402,0
192,402,0
191,402,0
189,402,0
190,402,0
189,402,0
187,401,0
188,401,0
187,401,0
185,401,0
186,401,0
185,401,0
183,400,0
184,400,0
183,400,0
182,400,0
182,400,0
180,399,0
181,399,0
180,399,0
178,398,0
179,398,0
178,398,0
176,398,0
177,398,0
176,398,0
174,397,0
175,397,0
174,397,0
172,396,0
173,396,0
172,396,0
170,395,0
171,395,0
170,395,0
169,394,0
169,394,0
167,394,0
168,394,0
167,394,0
165,393,0
166,393,0
165,393,0
163,392,0
164,392,0
163,392,0
162,391,0
162,391,0
160,390,0
161,390,0
160,390,0
158,388,0
159,389,0
158,388,0
156,388,0
157,388,0
156,388,0
154,388,0
155,388,0
154,388,0
152,388,0
153,388,0
152,388,0
150,388,0
151,388,0
150,388,0
148,389,0
149,389,0
148,389,0
146,389,0
147,389,0
146,389,0
144,389,0
145,389,0
144,389,0
142,389,0
143,389,0
142,389,0
141,390,0
141,390,0
139,390,0
140,390,0
139,390,0
137,391,0
138,391,0
137,391,0
135,392,0
136,392,0
135,392,0
133,392,0
134,392,0
133,392,0
131,393,0
132,393,0
131,393,0
129,394,0
130,394,0
129,394,0
127,394,0
128,394,0
127,394,0
126,395,0
126,395,0
124,395,0
125,395,0
124,395,0
122,396,0
123,396,0
122,396,0
120,396,0
121,396,0
120,396,0
118,396,0
119,396,0
118,396,0
116,397,0
117,397,0
116,397,0
114,397,0
115,397,0
114,397,0
112,398,0
113,398,0
112,398,0
111,399,0
111,399,0
109,400,0
110,400,0
109,400,0
107,401,0
108,401,0
107,401,0
106,402,0
106,402,0
104,404,0
105,403,0
104,404,0
103,405,0
103,405,0
102,406,0
102,406,0
100,408,0
101,407,0
100,408,0
99,410,0
99,409,0
99,410,0
98,411,0
98,411,0
96,412,0
97,412,0
96,412,0
95,414,0
95,413,0
95,414,0
94,415,0
94,415,0
92,417,0
93,416,0
92,417,0
91,418,0
91,418,0
90,419,0
90,419,0
88,421,0
89,420,0
88,421,0
88,423,0
88,422,0
88,423,0
87,424,0
87,424,0
85,426,0
86,425,0
85,426,0
84,427,0
84,427,0
82,429,0
83,428,0
82,429,0
82,431,0
82,430,0
82,431,0
80,432,0
81,432,0
80,432,0
79,433,0
79,433,0
78,435,0
78,434,0
78,435,0
76,436,0
77,436,0
76,436,0
75,438,0
75,437,0
75,438,0
74,439,0
74,439,0
72,441,0
73,440,0
72,441,0
71,442,0
71,442,0
69,444,0
70,443,0
69,444,0
68,445,0
68,445,0
67,447,0
67,446,0
67,447,0
66,448,0
66,448,0
64,450,0
65,449,0
64,450,0
64,452,0
64,451,0
64,452,0
63,453,0
63,453,0
62,455,0
62,454,0
62,455,0
62,457,0
62,456,0
62,457,0
61,459,0
61,458,0
61,459,0
60,461,0
60,460,0
60,461,0
60,463,0
60,462,0
60,463,0
60,465,0
60,464,0
60,465,0
59,467,0
59,466,0
59,467,0
59,469,0
59,468,0
59,469,0
58,470,0
58,470,0
58,472,0
58,471,0
58,472,0
58,474,0
58,473,0
58,474,0
58,476,0
58,475,0
58,476,0
57,478,0
57,477,0
57,478,0
57,480,0
57,479,0
57,480,0
57,482,0
57,481,0
57,482,0
57,484,0
57,483,0
57,484,0
56,486,0
56,485,0
56,486,0
56,488,0
56,487,0
56,488,0
56,490,0
56,489,0
56,490,0
55,492,0
55,491,0
55,492,0
55,494,0
55,493,0
55,494,0
54,496,0
54,495,0
54,496,0
54,498,0
54,497,0
54,498,0
54,500,0
54,499,0
54,500,0
53,501,0
53,501,0
53,503,0
53,502,0
53,503,0
52,505,0
52,504,0
52,505,0
52,507,0
52,506,0
52,507,0
51,509,0
51,508,0
51,509,0
51,511,0
51,510,0
51,511,0
51,513,0
51,512,0
51,513,0
50,515,0
50,514,0
50,515,0
50,517,0
50,516,0
50,517,0
49,519,0
49,518,0
49,519,0
49,520,0
49,520,0
48,522,0
48,521,0
48,522,0
48,524,0
48,523,0
48,524,0
47,526,0
47,525,0
47,526,0
47,528,0
47,527,0
47,528,0
47,530,0
47,529,0
47,530,0
46,532,0
46,531,0
46,532,0
46,534,0
46,533,0
46,534,0
46,536,0
46,535,0
46,536,0
45,538,0
45,537,0
45,538,0
45,540,0
45,539,0
45,540,0
44,541,0
44,541,0
44,543,0
44,542,0
44,543,0
44,545,0
44,544,0
44,545,0
43,547,0
43,546,0
43,547,0
43,549,0
43,548,0
43,549,0
43,551,0
43,550,0
43,551,0
42,553,0
42,552,0
42,553,0
42,555,0
42,554,0
42,555,0
42,557,0
42,556,0
42,557,0
41,559,0
41,558,0
41,559,0
41,561,0
41,560,0
41,561,0
41,563,0
41,562,0
41,563,0
41,565,0
41,564,0
41,565,0
41,567,0
41,566,0
41,567,0
40,568,0
40,568,0
40,570,0
40,569,0
40,570,0
40,572,0
40,571,0
40,572,0
40,574,0
40,573,0
40,574,0
40,576,0
40,575,0
40,576,0
39,578,0
39,577,0
39,578,0
39,580,0
39,579,0
39,580,0
39,582,0
39,581,0
39,582,0
39,584,0
39,583,0
39,584,0
39,586,0
39,585,0
39,586,0
39,588,0
39,587,0
39,588,0
38,590,0
38,589,0
38,590,0
38,592,0
38,591,0
38,592,0
38,594,0
38,593,0
38,594,0
38,596,0
38,595,0
38,596,0
38,598,0
38,597,0
38,598,0
38,600,0
38,599,0
38,600,0
38,602,0
38,601,0
38,602,0
37,604,0
37,603,0
37,604,0
37,606,0
37,605,0
37,606,0
37,608,0
37,607,0
37,608,0
37,610,0
37,609,0
37,610,0
37,612,0
37,611,0
37,612,0
37,614,0
37,613,0
37,614,0
37,616,0
37,615,0
37,616,0
37,618,0
37,617,0
37,618,0
36,620,0
36,619,0
36,620,0
36,622,0
36,621,0
36,622,0
36,624,0
36,623,0
36,624,0
36,626,0
36,625,0
36,626,0
36,628,0
36,627,0
36,628,0
36,630,0
36,629,0
36,630,0
36,632,0
36,631,0
36,632,0
36,634,0
36,633,0
36,634,0
36,636,0
36,635,0
36,636,0
35,637,0
35,637,0
35,639,0
35,638,0
35,639,0
35,641,0
35,640,0
35,641,0
35,643,0
35,642,0
35,643,0
35,645,0
35,644,0
35,645,0
35,647,0
35,646,0
35,647,0
35,649,0
35,648,0
35,649,0
35,651,0
35,650,0
35,651,0
35,653,0
35,652,0
35,653,0
35,656,0
35,654,0
35,655,0
35,656,0
34,657,0
34,657,0
34,659,0
34,658,0
34,659,0
34,661,0
34,660,0
34,661,0
34,663,0
34,662,0
34,663,0
34,665,0
34,664,0
34,665,0
34,667,0
34,666,0
34,667,0
34,669,0
34,668,0
34,669,0
34,671,0
34,670,0
34,671,0
34,673,0
34,672,0
34,673,0
34,675,0
34,674,0
34,675,0
34,677,0
34,676,0
34,677,0
33,679,0
33,678,0
33,679,0
33,681,0
33,680,0
33,681,0
33,683,0
33,682,0
33,683,0
33,685,0
33,684,0
33,685,0
33,687,0
33,686,0
33,687,0
33,689,0
33,688,0
33,689,0
33,691,0
33,690,0
33,691,0
33,693,0
33,692,0
33,693,0
33,695,0
33,694,0
33,695,0
33,697,0
33,696,0
33,697,0
32,699,0
32,698,0
32,699,0
32,701,0
32,700,0
32,701,0
32,703,0
32,702,0
32,703,0
32,705,0
32,704,0
32,705,0
32,707,0
32,706,0
32,707,0
32,709,0
32,708,0
32,709,0
32,711,0
32,710,0
32,711,0
32,713,0
32,712,0
32,713,0
32,715,0
32,714,0
32,715,0
32,717,0
32,716,0
32,717,0
32,719,0
32,718,0
32,719,0
32,719,0
